60 150
1 2
1 3
1 4
1 13
1 40
2 3
2 5
2 14
2 41
3 6
3 15
3 42
4 5
4 6
4 7
4 34
5 6
5 8
5 35
6 9
6 36
7 8
7 9
7 10
7 28
8 9
8 11
8 29
9 12
9 30
10 11
10 12
10 13
10 22
11 12
11 14
11 23
12 15
12 24
13 14
13 15
13 16
14 15
14 17
15 18
16 17
16 18
16 19
16 43
17 18
17 20
17 44
18 21
18 45
19 20
19 21
19 22
19 49
20 21
20 23
20 50
21 24
21 51
22 23
22 24
22 25
23 24
23 26
24 27
25 26
25 27
25 28
25 52
26 27
26 29
26 53
27 30
27 54
28 29
28 30
28 31
29 30
29 32
30 33
31 32
31 33
31 34
31 55
32 33
32 35
32 56
33 36
33 57
34 35
34 36
34 37
35 36
35 38
36 39
37 38
37 39
37 40
37 58
38 39
38 41
38 59
39 42
39 60
40 41
40 42
40 43
41 42
41 44
42 45
43 44
43 45
43 46
44 45
44 47
45 48
46 47
46 48
46 49
46 58
47 48
47 50
47 59
48 51
48 60
49 50
49 51
49 52
50 51
50 53
51 54
52 53
52 54
52 55
53 54
53 56
54 57
55 56
55 57
55 58
56 57
56 59
57 60
58 59
58 60
59 60
