500 655
271 87
87 103
103 481
481 239
239 137
137 23
23 395
395 321
321 21
21 421
421 323
323 301
301 403
403 367
367 441
441 147
147 155
155 93
93 225
225 217
217 237
237 159
159 169
169 117
117 115
115 89
89 389
389 263
263 65
65 373
373 413
413 141
141 221
221 307
307 313
313 381
381 223
223 9
9 419
419 431
431 199
199 261
261 433
433 265
265 309
309 257
257 57
57 179
179 473
473 411
411 3
3 391
391 43
43 235
235 113
113 357
357 315
315 167
167 59
59 491
491 143
143 157
157 37
37 53
53 119
119 449
449 171
171 31
31 345
345 251
251 81
81 63
63 55
55 385
385 187
187 465
465 427
427 161
161 303
303 67
67 397
397 69
69 317
317 111
111 121
121 329
329 405
405 443
443 409
409 189
189 193
193 479
479 401
401 349
349 201
201 325
325 25
25 371
371 207
207 425
425 429
429 291
291 399
399 475
475 417
417 285
285 1
1 335
335 493
493 469
469 361
361 283
283 209
209 129
129 255
255 195
195 453
453 495
495 205
205 213
213 365
365 445
445 375
375 387
387 7
7 19
19 45
45 341
341 229
229 439
439 273
273 109
109 423
423 279
279 253
253 415
415 295
295 145
145 91
91 175
175 483
483 471
471 467
467 5
5 275
275 127
127 339
339 289
289 451
451 347
347 85
85 107
107 153
153 447
447 71
71 377
377 149
149 243
243 33
33 331
331 73
73 499
499 459
459 437
437 327
327 351
351 497
497 183
183 139
139 173
173 15
15 277
277 151
151 51
51 13
13 269
269 95
95 363
363 17
17 125
125 369
369 241
241 61
61 393
393 379
379 181
181 133
133 83
83 131
131 311
311 355
355 35
35 247
247 99
99 293
293 79
79 41
41 123
123 383
383 305
305 333
333 297
297 343
343 105
105 319
319 49
49 299
299 457
457 259
259 477
477 77
77 177
177 219
219 197
197 489
489 215
215 455
455 227
227 29
29 165
165 337
337 191
191 135
135 47
47 487
487 233
233 461
461 435
435 101
101 185
185 407
407 281
281 353
353 245
245 211
211 163
163 231
231 463
463 203
203 27
27 267
267 287
287 11
11 39
39 359
359 485
485 249
249 75
75 97
480 50
50 334
334 392
392 110
110 262
262 68
68 348
348 20
20 494
494 240
240 328
328 498
498 8
8 322
322 42
42 354
354 444
444 52
52 408
408 168
168 178
178 484
484 236
236 40
40 30
30 370
370 112
112 140
140 362
362 234
234 258
258 342
342 292
292 148
148 366
366 310
310 360
360 60
60 470
470 74
74 34
34 340
340 416
416 4
4 284
284 116
116 200
200 66
66 324
324 260
260 286
286 326
326 420
420 18
18 350
350 232
232 440
440 132
132 344
344 32
32 138
138 6
6 436
436 346
346 188
188 202
202 430
430 460
460 404
404 250
250 386
386 474
474 418
418 194
194 80
80 204
204 160
160 198
198 296
296 396
396 176
176 488
488 448
448 134
134 84
84 446
446 120
120 372
372 280
280 126
126 104
104 38
38 228
228 10
10 218
218 482
482 214
214 428
428 254
254 464
464 290
290 244
244 114
114 368
368 438
438 230
230 28
28 492
492 432
432 478
478 156
156 154
154 256
256 266
266 196
196 378
378 248
248 86
86 458
458 46
46 152
152 210
210 206
206 384
384 462
462 122
122 338
338 426
426 318
318 70
70 486
486 224
224 72
72 96
96 2
2 16
16 276
276 476
476 330
330 90
90 490
490 424
424 182
182 220
220 108
108 216
216 320
320 282
282 106
106 124
124 398
398 300
300 246
246 238
238 454
454 422
422 158
158 302
302 414
414 314
314 222
222 78
78 412
412 98
98 382
382 130
130 496
496 304
304 118
118 64
64 174
174 500
500 336
336 410
410 272
272 14
14 190
190 374
374 450
450 12
12 388
388 94
94 298
298 252
252 308
308 22
22 312
312 128
128 172
172 208
208 82
82 100
100 102
102 48
48 472
472 288
288 434
434 44
44 186
186 278
278 144
144 270
270 92
92 88
88 226
226 150
150 452
452 356
356 56
56 316
316 332
332 466
466 358
358 294
294 136
136 376
376 180
180 58
58 456
456 62
62 242
242 162
162 76
76 146
146 268
268 142
142 352
352 26
26 164
164 36
36 468
468 394
394 442
442 306
306 406
406 380
380 166
166 54
54 170
170 212
212 400
400 402
402 24
24 192
192 274
274 264
264 184
184 364
364 390
64 274
33 284
416 154
115 407
303 53
423 297
156 94
405 276
206 207
316 147
83 237
400 427
335 339
311 250
169 299
473 204
407 238
315 392
491 141
57 25
108 155
408 382
346 301
288 211
469 120
206 421
192 429
423 391
437 299
157 182
23 420
408 490
452 149
327 102
500 467
321 93
437 434
457 422
145 14
264 162
33 263
133 368
235 249
70 249
314 102
243 452
28 266
147 175
181 438
401 44
207 329
471 11
269 245
329 329
291 20
341 368
334 412
443 407
120 87
446 41
283 66
456 377
150 402
215 61
448 153
124 355
91 387
284 495
488 328
5 18
474 195
130 423
408 119
2 392
399 337
194 427
222 15
440 437
32 87
347 298
239 387
377 103
386 227
140 381
6 396
292 107
133 379
151 305
123 481
434 141
412 50
432 454
381 119
364 152
105 9
384 160
304 7
27 164
199 367
94 160
335 43
487 482
351 377
333 79
143 173
120 284
411 171
152 256
70 328
420 278
447 17
73 305
257 193
3 113
195 482
343 374
355 339
409 500
466 117
12 233
36 148
268 147
364 374
255 351
167 402
323 306
117 422
71 246
316 474
256 32
180 176
454 21
243 236
171 21
261 257
395 71
398 436
73 294
223 497
13 112
183 179
314 197
123 428
406 114
260 117
495 3
447 286
172 381
273 425
141 177
4 83
367 284
462 115
256 331
352 36
141 67
426 9
