1000 10017
43 285
285 659
659 175
175 189
189 409
409 145
145 165
165 895
895 1
1 693
693 871
871 131
131 255
255 639
639 85
85 739
739 553
553 741
741 589
589 607
607 901
901 249
249 707
707 481
481 491
491 977
977 213
213 83
83 251
251 429
429 533
533 303
303 889
889 139
139 381
381 91
91 809
809 361
361 587
587 755
755 763
763 151
151 453
453 331
331 39
39 961
961 873
873 117
117 241
241 911
911 887
887 63
63 245
245 9
9 473
473 111
111 819
819 459
459 881
881 643
643 661
661 719
719 363
363 433
433 545
545 851
851 395
395 683
683 283
283 723
723 61
61 975
975 105
105 229
229 457
457 27
27 617
617 417
417 425
425 613
613 79
79 159
159 403
403 341
341 729
729 445
445 31
31 477
477 767
767 379
379 603
603 87
87 351
351 469
469 193
193 601
601 357
357 411
411 839
839 313
313 537
537 345
345 785
785 935
935 243
243 853
853 671
671 143
143 259
259 725
725 29
29 647
647 471
471 503
503 437
437 983
983 343
343 297
297 541
541 157
157 95
95 959
959 439
439 205
205 557
557 25
25 529
529 591
591 123
123 673
673 421
421 861
861 699
699 183
183 349
349 717
717 713
713 23
23 57
57 227
227 509
509 611
611 173
173 235
235 817
817 119
119 203
203 305
305 291
291 555
555 551
551 443
443 781
781 161
161 733
733 125
125 75
75 709
709 483
483 831
831 329
329 435
435 585
585 561
561 663
663 371
371 441
441 383
383 397
397 97
97 703
703 69
69 837
837 573
573 187
187 49
49 219
219 271
271 737
737 7
7 393
393 823
823 121
121 559
559 431
431 427
427 311
311 267
267 915
915 215
215 605
605 377
377 525
525 231
231 517
517 829
829 53
53 793
793 37
37 71
71 695
695 401
401 999
999 751
751 17
17 419
419 451
451 315
315 989
989 987
987 369
369 41
41 655
655 835
835 449
449 299
299 199
199 669
669 535
535 621
621 489
489 465
465 209
209 797
797 195
195 773
773 103
103 579
579 475
475 501
501 547
547 857
857 33
33 645
645 237
237 679
679 711
711 805
805 177
177 771
771 807
807 651
651 45
45 571
571 947
947 649
649 365
365 47
47 335
335 745
745 169
169 415
415 641
641 201
201 499
499 549
549 407
407 309
309 263
263 519
519 339
339 867
867 375
375 825
825 479
479 359
359 293
293 777
777 815
815 65
65 101
101 885
885 565
565 505
505 753
753 701
701 129
129 917
917 985
985 905
905 325
325 907
907 903
903 413
413 625
625 689
689 735
735 543
543 997
997 705
705 225
225 615
615 869
869 841
841 563
563 925
925 59
59 967
967 747
747 287
287 181
181 749
749 265
265 821
821 801
801 447
447 941
941 845
845 971
971 493
493 67
67 653
653 775
775 973
973 757
757 843
843 353
353 463
463 19
19 321
321 981
981 513
513 581
581 969
969 995
995 953
953 141
141 281
281 239
239 789
789 627
627 511
511 35
35 497
497 863
863 21
21 373
373 697
697 387
387 637
637 991
991 507
507 791
791 327
327 99
99 849
849 963
963 109
109 337
337 883
883 633
633 275
275 865
865 675
675 943
943 879
879 113
113 803
803 133
133 485
485 813
813 197
197 687
687 77
77 893
893 155
155 635
635 295
295 135
135 657
657 891
891 307
307 217
217 527
527 765
765 731
731 207
207 531
531 931
931 927
927 595
595 389
389 455
455 629
629 811
811 273
273 3
3 467
467 269
269 93
93 965
965 461
461 951
951 859
859 599
599 685
685 937
937 253
253 277
277 115
115 211
211 89
89 945
945 495
495 681
681 405
405 261
261 423
423 799
799 779
779 107
107 957
957 913
913 761
761 929
929 515
515 153
153 367
367 247
247 833
833 715
715 399
399 677
677 875
875 939
939 877
877 909
909 665
665 569
569 279
279 855
855 691
691 385
385 5
5 667
667 955
955 319
319 923
923 233
233 163
163 391
391 289
289 185
185 609
609 993
993 523
523 171
171 759
759 631
631 137
137 301
301 949
949 597
597 147
147 795
795 333
333 81
81 487
487 347
347 593
593 623
623 769
769 933
933 919
919 221
221 257
257 15
15 619
619 55
55 223
223 899
899 787
787 539
539 73
73 583
583 897
897 11
11 13
13 575
575 827
827 979
979 743
743 127
127 727
727 721
721 567
567 847
847 51
51 355
355 783
783 191
191 179
179 577
577 921
921 521
521 149
149 167
167 317
317 323
786 618
618 314
314 668
668 500
500 888
888 954
954 804
804 860
860 698
698 774
774 740
740 764
764 996
996 756
756 60
60 690
690 910
910 602
602 726
726 638
638 988
988 608
608 630
630 232
232 18
18 838
838 952
952 750
750 588
588 312
312 552
552 130
130 246
246 464
464 364
364 168
168 178
178 632
632 176
176 590
590 778
778 284
284 234
234 252
252 834
834 460
460 278
278 182
182 216
216 138
138 746
746 266
266 666
666 114
114 450
450 378
378 152
152 846
846 738
738 292
292 392
392 710
710 120
120 616
616 636
636 62
62 982
982 430
430 202
202 600
600 576
576 370
370 784
784 404
404 816
816 946
946 766
766 654
654 658
658 524
524 508
508 514
514 516
516 376
376 220
220 706
706 274
274 58
58 200
200 456
456 852
852 270
270 396
396 858
858 170
170 280
280 782
782 222
222 268
268 540
540 154
154 498
498 28
28 82
82 348
348 68
68 374
374 866
866 70
70 586
586 532
532 918
918 752
752 100
100 272
272 566
566 420
420 856
856 678
678 470
470 556
556 998
998 584
584 320
320 288
288 916
916 144
144 350
350 780
780 806
806 762
762 550
550 962
962 382
382 44
44 694
694 64
64 660
660 680
680 716
716 768
768 384
384 368
368 52
52 542
542 800
800 434
434 10
10 1000
1000 814
814 194
194 562
562 926
926 340
340 398
398 722
722 938
938 922
922 754
754 900
900 528
528 902
902 818
818 984
984 110
110 892
892 462
462 236
236 872
872 546
546 890
890 642
642 228
228 742
742 864
864 650
650 24
24 158
158 142
142 622
622 106
106 700
700 242
242 684
684 960
960 186
186 944
944 140
140 84
84 906
906 908
908 436
436 290
290 758
758 924
924 164
164 976
976 244
244 474
474 662
662 192
192 484
484 360
360 512
512 218
218 166
166 510
510 798
798 518
518 88
88 898
898 480
480 854
854 230
230 718
718 336
336 422
422 568
568 986
986 810
810 932
932 990
990 48
48 466
466 826
826 208
208 372
372 22
22 394
394 134
134 468
468 578
578 620
620 878
878 256
256 90
90 78
78 936
936 720
720 310
310 438
438 258
258 332
332 670
670 122
122 548
548 160
160 520
520 940
940 696
696 674
674 604
604 112
112 558
558 594
594 432
432 958
958 352
352 914
914 504
504 930
930 226
226 440
440 254
254 476
476 356
356 966
966 880
880 802
802 688
688 302
302 98
98 212
212 316
316 626
626 416
416 96
96 16
16 820
820 380
380 76
76 808
808 870
870 342
342 560
560 304
304 458
458 580
580 980
980 614
614 574
574 240
240 606
606 354
354 992
992 324
324 318
318 676
676 156
156 686
686 206
206 534
534 506
506 570
570 428
428 150
150 238
238 300
300 748
748 724
724 868
868 744
744 522
522 344
344 188
188 628
628 848
848 486
486 554
554 812
812 840
840 582
582 492
492 116
116 46
46 286
286 20
20 146
146 736
736 942
942 874
874 74
74 836
836 14
14 530
530 934
934 264
264 180
180 824
824 402
402 8
8 406
406 448
448 478
478 652
652 54
54 832
832 172
172 646
646 296
296 482
482 454
454 388
388 102
102 214
214 912
912 418
418 42
42 776
776 564
564 928
928 326
326 338
338 950
950 664
664 624
624 692
692 442
442 712
712 452
452 610
610 260
260 104
104 50
50 822
822 38
38 842
842 634
634 306
306 40
40 968
968 978
978 760
760 366
366 72
72 126
126 490
490 224
224 262
262 964
964 162
162 956
956 772
772 132
132 184
184 704
704 794
794 282
282 882
882 80
80 728
728 896
896 502
502 904
904 656
656 2
2 544
544 472
472 390
390 972
972 732
732 118
118 640
640 86
86 136
136 400
400 644
644 128
128 894
894 308
308 414
414 412
412 734
734 34
34 496
496 346
346 26
26 66
66 32
32 36
36 196
196 362
362 886
886 730
730 884
884 828
828 714
714 204
204 974
974 494
494 424
424 536
536 358
358 948
948 788
788 526
526 298
298 572
572 796
796 876
876 276
276 446
446 94
94 708
708 328
328 250
250 322
322 190
190 386
386 124
124 770
770 702
702 596
596 994
994 444
444 30
30 612
612 92
92 410
410 210
210 790
790 830
830 56
56 538
538 970
970 174
174 844
844 12
12 426
426 330
330 408
408 792
792 648
648 592
592 862
862 6
6 334
334 672
672 294
294 850
850 4
4 108
108 920
920 248
248 488
488 148
148 598
598 198
198 682
779 979
845 137
433 569
627 619
113 163
677 795
681 949
833 923
461 279
945 799
103 389
143 989
713 373
351 529
799 385
397 129
15 127
395 509
615 859
83 339
731 855
599 539
569 569
667 575
709 497
131 291
717 943
867 261
771 985
851 671
511 423
793 299
25 667
297 735
453 595
621 399
549 795
237 801
237 45
529 673
691 289
161 17
863 761
497 113
689 665
379 493
907 127
199 947
115 761
215 185
997 801
39 129
917 507
135 277
337 909
523 51
261 721
83 95
57 413
769 575
171 597
103 869
829 463
907 115
563 55
321 929
889 673
269 743
433 269
609 333
455 619
455 631
527 347
369 969
153 979
517 799
963 521
585 749
593 769
119 69
893 73
167 323
793 301
989 147
919 167
447 511
601 95
471 497
997 239
897 317
317 323
223 575
529 513
675 81
447 743
33 147
993 55
775 811
687 979
863 949
421 713
173 897
333 623
971 799
387 687
313 205
195 359
877 163
285 339
1 447
587 453
841 367
961 509
359 279
781 423
439 861
89 631
287 185
763 59
147 743
659 441
49 129
249 651
835 463
995 461
475 949
537 49
763 483
403 735
761 319
899 179
279 993
315 735
939 667
603 701
51 577
885 13
375 577
95 891
235 667
483 325
921 149
55 127
257 15
671 325
707 937
475 795
293 233
487 15
325 863
79 773
625 493
475 627
53 827
25 529
663 727
969 141
899 787
449 857
125 69
71 103
155 295
405 727
839 697
325 821
881 17
609 593
349 51
357 681
89 221
229 207
327 609
23 999
577 167
277 15
825 945
401 933
273 301
523 933
373 795
975 651
675 921
787 575
9 49
447 971
657 149
285 297
791 575
447 185
217 319
57 427
435 315
143 215
585 583
355 167
971 163
723 529
127 149
307 727
339 133
459 701
447 153
663 675
237 929
847 783
911 989
35 211
169 743
221 221
547 815
839 989
423 847
571 657
347 583
511 567
43 277
273 385
701 863
907 301
305 93
865 15
857 939
773 691
885 497
345 879
819 903
75 185
423 81
251 785
583 191
367 167
637 217
887 421
431 625
729 205
457 271
355 521
961 397
55 55
959 287
275 783
559 489
939 949
319 137
927 355
39 969
749 167
317 317
853 157
833 623
299 967
977 245
413 179
823 869
427 565
521 323
347 575
811 593
907 855
841 185
99 593
443 167
355 577
67 945
959 45
189 139
933 13
441 19
585 385
17 153
893 277
401 885
287 623
421 187
233 743
351 943
157 579
719 713
455 727
811 273
833 897
501 413
567 149
265 261
743 721
893 185
603 857
57 941
985 759
417 623
553 577
27 837
29 335
15 567
337 765
651 757
287 507
551 479
531 51
133 957
469 507
415 217
101 569
609 743
433 629
989 319
825 333
309 257
175 115
181 493
101 497
623 583
345 47
621 281
773 963
267 747
679 47
193 455
135 5
227 15
941 373
555 449
205 397
807 637
757 289
389 937
597 743
561 33
667 179
815 761
131 707
669 475
667 923
31 279
933 223
243 171
299 77
575 921
967 171
517 301
55 539
773 679
883 721
51 521
807 747
577 323
145 59
293 497
857 777
249 835
11 567
685 319
185 323
765 875
787 521
281 135
553 245
213 581
147 147
105 497
803 847
407 513
483 103
901 635
651 485
985 883
617 263
579 897
551 231
263 207
887 477
927 979
533 771
717 373
381 271
197 399
913 921
107 279
387 163
187 325
459 597
749 859
937 167
701 217
805 423
993 323
987 199
201 217
1 825
217 221
485 921
193 981
3 253
5 727
111 579
767 93
55 743
405 223
163 391
521 317
229 549
625 957
787 51
373 783
867 147
697 681
825 917
163 73
693 847
445 539
311 181
87 923
809 209
411 777
265 247
785 721
965 277
235 179
939 523
775 5
127 167
363 527
419 485
463 487
513 269
731 855
595 107
123 821
73 167
595 877
261 333
389 257
639 301
199 929
557 393
821 865
509 637
119 527
863 163
315 597
457 921
9 625
437 781
425 277
195 769
27 995
475 641
97 523
477 829
895 577
353 957
431 53
361 673
27 67
273 253
769 51
343 687
425 853
875 955
965 923
963 633
225 759
133 405
921 167
119 675
713 709
871 669
433 461
41 645
17 919
261 583
625 727
349 855
885 569
699 195
779 515
929 163
651 845
237 893
433 917
511 279
239 635
485 919
87 735
511 943
545 325
125 273
531 55
451 841
623 567
47 963
507 909
613 569
103 247
381 233
283 555
349 609
911 723
27 793
471 211
875 333
991 495
239 847
31 353
657 55
333 347
213 685
799 247
699 757
163 163
261 575
21 279
647 833
125 217
227 335
787 721
691 759
707 525
593 13
369 65
639 465
37 869
251 605
995 149
851 301
541 377
635 391
23 801
557 45
207 223
731 495
561 465
959 771
835 513
653 347
51 149
701 133
405 367
377 307
725 615
23 455
865 155
491 157
97 185
937 955
557 673
963 185
173 973
749 179
29 421
143 665
61 193
391 521
9 111
241 205
851 653
691 795
283 703
979 743
889 265
913 827
223 575
417 513
539 521
819 225
161 263
309 77
497 5
659 571
963 675
257 11
469 861
309 827
383 689
965 597
765 115
119 281
563 569
157 793
713 11
539 521
511 15
193 891
793 765
299 801
987 179
695 485
175 277
315 835
337 147
231 19
39 23
903 109
825 539
949 323
849 827
315 743
441 577
867 743
375 523
219 505
379 657
421 137
969 833
819 967
957 899
165 649
579 863
967 277
817 483
751 747
829 947
961 477
377 517
905 877
673 885
315 863
671 355
567 149
959 949
513 897
261 569
741 155
313 795
441 859
437 171
63 77
349 137
673 933
867 223
917 599
151 237
477 291
139 111
27 655
611 567
149 317
903 897
965 875
181 653
185 921
45 81
689 995
325 667
707 995
91 35
299 803
889 173
471 275
671 319
559 315
997 59
923 15
213 979
981 575
367 185
827 783
55 727
91 335
945 955
243 867
95 645
95 327
61 369
663 37
703 685
257 743
885 753
391 523
551 759
411 115
769 221
921 521
929 691
511 5
363 57
55 577
389 385
11 577
307 765
101 399
577 323
393 197
745 19
795 921
789 731
285 629
553 109
529 837
687 461
69 779
357 383
19 13
867 997
673 735
41 365
435 783
107 5
365 765
979 567
969 253
209 771
889 711
41 963
693 533
975 827
761 769
877 323
525 751
641 985
21 623
261 323
791 455
57 909
611 979
861 93
837 619
985 899
11 179
331 789
191 317
247 171
573 495
763 767
251 755
39 211
409 349
25 369
757 405
833 171
699 37
499 599
235 463
299 237
699 595
7 917
635 523
299 307
629 93
801 281
719 667
187 507
415 885
37 697
583 567
97 997
409 195
671 305
333 593
69 655
139 679
725 941
701 511
121 749
517 897
753 973
63 517
441 13
223 577
777 67
327 221
735 973
95 405
959 5
717 795
7 7
113 515
557 25
375 879
777 55
155 55
871 907
393 299
109 883
299 375
839 49
933 221
619 899
567 323
579 321
807 979
757 207
11 355
225 133
697 759
597 11
627 957
63 135
985 59
521 521
993 759
195 223
147 539
249 795
653 239
953 577
293 233
991 261
197 423
65 849
369 799
405 597
665 827
283 801
459 479
67 387
457 243
469 153
201 563
573 597
571 967
825 211
793 65
427 325
941 581
487 221
109 665
147 827
557 333
703 593
383 883
495 149
763 193
655 841
175 75
111 449
399 317
783 323
423 355
519 505
953 847
717 765
527 323
33 45
341 193
621 265
385 567
853 123
295 919
967 993
993 899
871 255
873 513
485 923
103 759
825 803
911 343
905 705
59 171
167 167
797 855
67 485
799 521
753 185
951 979
365 387
141 115
651 897
243 927
949 333
561 279
69 919
959 17
217 221
945 399
345 551
301 11
515 979
437 371
983 605
585 703
205 907
157 51
593 899
955 993
369 811
55 127
419 855
87 95
473 237
191 191
653 779
621 521
889 87
193 965
125 921
663 113
713 957
641 867
605 965
869 135
601 223
751 787
463 937
827 783
601 517
357 781
959 519
665 55
191 577
119 793
951 759
245 503
437 413
271 863
519 633
237 177
459 549
591 427
97 687
49 599
931 333
195 527
209 641
979 355
259 81
199 849
853 655
41 225
125 609
603 623
385 609
813 909
427 893
345 543
259 271
329 985
595 289
229 435
577 323
675 583
831 737
55 921
627 949
51 167
391 81
189 443
89 81
657 3
675 147
817 731
19 507
807 571
653 577
853 913
801 141
721 317
485 855
69 845
741 859
745 321
987 705
699 19
767 547
25 489
155 273
317 323
123 807
905 527
955 583
667 317
373 913
219 641
849 485
479 943
577 149
759 721
261 913
257 257
699 51
595 93
345 753
525 953
709 293
415 761
987 149
685 795
209 803
721 567
161 489
477 191
81 593
589 65
371 711
75 999
793 631
639 311
281 261
667 333
747 73
305 847
359 923
5 149
197 929
959 133
83 709
185 15
903 253
65 597
471 665
31 29
147 11
929 787
337 979
963 269
485 399
53 943
195 239
637 217
547 875
327 759
945 51
141 631
43 285
689 635
675 171
263 799
459 653
643 321
67 333
675 527
595 301
293 869
697 731
971 405
37 153
113 631
467 11
567 179
143 337
727 727
157 17
695 801
557 923
433 805
215 527
415 943
163 15
309 287
539 577
397 625
703 859
295 487
711 705
981 5
9 621
737 769
975 445
427 869
535 879
957 317
691 667
313 209
539 73
35 307
367 597
905 135
683 767
709 855
663 231
259 321
931 919
653 949
959 355
967 515
581 765
525 325
537 535
297 697
929 575
13 921
401 549
867 933
941 163
713 709
521 167
211 945
635 147
823 829
651 947
43 157
125 805
581 155
113 15
403 721
823 945
683 321
211 367
473 749
609 623
571 821
821 953
309 845
559 273
21 399
725 831
607 577
551 695
647 963
935 199
465 631
11 167
939 783
997 265
727 783
969 141
1 147
395 431
181 355
197 461
447 127
201 583
367 15
411 875
783 149
221 73
325 863
325 261
535 615
13 783
125 407
459 329
471 653
749 319
297 799
917 929
317 317
809 461
321 919
673 225
405 567
537 777
425 413
161 631
977 339
229 169
589 77
663 883
301 257
245 307
321 687
861 777
939 73
841 149
941 847
517 847
489 565
823 527
651 109
9 709
881 599
539 73
351 471
461 461
71 289
793 5
143 267
875 769
537 713
567 921
817 275
419 279
319 827
451 847
777 993
575 727
277 211
213 919
139 599
605 743
755 457
777 637
921 521
671 413
667 319
219 939
883 51
865 919
411 921
119 609
159 925
689 399
465 89
703 479
803 667
605 71
465 667
335 147
207 727
269 487
181 633
895 803
153 691
649 685
327 623
445 781
65 791
141 223
525 577
515 221
271 19
901 475
591 939
807 479
519 389
209 625
351 869
823 925
241 431
33 761
827 51
39 127
653 931
935 275
37 147
321 233
339 233
503 203
497 289
875 623
743 783
647 927
959 995
725 669
241 833
419 845
891 217
503 519
713 833
457 923
417 529
447 321
407 811
83 867
693 891
835 19
689 973
407 821
639 227
669 347
209 945
445 537
397 169
289 575
427 71
265 321
693 759
619 73
357 401
761 323
899 13
711 293
989 171
999 629
671 325
777 917
777 287
769 787
989 167
927 597
843 957
101 993
367 899
965 55
269 137
837 101
767 867
897 521
653 623
847 167
637 15
831 679
49 981
761 523
457 347
795 355
865 993
249 525
53 127
225 455
119 865
569 759
187 619
729 573
425 655
985 849
141 965
833 787
543 931
203 169
969 731
249 555
281 787
57 841
233 727
239 155
255 243
507 135
835 715
77 289
971 275
635 149
457 831
693 395
687 51
775 239
245 493
807 317
155 721
545 297
35 191
339 813
863 115
477 631
601 153
571 327
823 465
123 505
299 327
55 11
801 109
743 355
333 223
269 137
379 915
495 921
459 585
799 521
199 921
387 849
187 577
469 751
443 405
607 483
27 11
683 673
93 715
673 435
501 73
895 185
791 461
613 449
639 375
743 179
745 359
229 817
561 655
91 705
693 699
531 5
363 297
985 301
497 687
185 191
615 89
931 919
767 811
183 103
455 811
455 253
799 539
881 513
999 253
469 997
905 391
651 897
253 127
411 945
85 225
265 991
823 309
507 133
57 137
669 13
83 769
879 923
689 863
483 947
159 869
627 569
949 539
953 171
559 475
99 943
527 11
867 943
81 577
667 233
835 667
433 959
455 257
257 179
119 783
127 149
73 13
895 799
361 841
441 49
439 827
179 577
67 727
605 519
767 47
531 405
187 865
349 231
113 877
425 951
329 695
401 269
585 77
835 447
265 495
391 55
477 891
841 135
45 239
87 81
267 773
911 353
641 321
935 625
9 319
409 823
713 53
589 569
671 913
377 777
35 677
955 81
275 423
129 765
703 815
261 833
457 705
919 221
143 629
329 879
507 897
817 103
27 199
567 51
789 859
653 239
875 301
695 857
13 847
835 815
229 199
165 417
167 323
939 5
475 399
285 295
403 315
447 927
261 899
125 655
141 35
669 185
653 307
133 951
473 623
233 223
801 765
355 317
755 917
921 921
141 575
591 103
311 627
271 885
911 677
455 979
907 929
899 721
651 939
415 577
341 981
995 197
781 775
409 55
991 931
827 743
395 973
895 895
337 951
11 575
265 567
67 583
447 893
401 485
865 681
201 927
669 753
375 565
261 949
579 991
521 521
45 567
615 113
765 567
171 631
359 247
169 777
633 787
831 197
47 921
445 23
761 289
513 731
583 51
169 691
145 465
631 933
639 243
939 15
455 147
193 345
399 51
727 323
733 253
355 317
509 207
237 21
505 273
197 687
585 581
969 327
863 927
103 567
155 875
231 929
79 77
531 277
593 11
397 261
935 771
389 455
365 855
607 33
871 205
611 497
775 743
147 743
823 631
789 789
999 261
687 595
459 823
341 113
165 807
691 667
993 597
691 979
79 463
787 583
335 301
251 891
633 115
629 593
437 37
925 945
547 599
593 847
877 759
309 275
129 73
671 653
993 933
941 493
541 945
895 733
217 993
823 605
437 435
863 261
769 317
359 885
163 257
187 893
967 731
505 931
643 775
29 441
533 53
349 779
29 983
827 921
507 879
949 787
397 531
945 261
959 365
315 163
247 521
415 13
313 691
195 855
485 307
943 787
345 905
975 749
859 261
153 167
659 9
391 827
541 467
541 299
695 67
353 523
511 833
93 211
927 367
443 597
331 983
183 721
255 241
295 295
999 89
651 571
773 135
547 387
715 167
131 951
175 691
779 333
719 57
221 127
841 891
129 627
443 443
267 335
629 107
379 697
463 73
255 639
945 897
471 305
533 393
49 869
659 59
443 485
517 449
955 899
47 55
103 163
835 701
777 727
159 47
559 347
731 391
611 965
27 715
551 483
531 81
921 149
191 191
557 451
371 743
937 495
151 695
955 979
195 687
429 705
517 997
873 325
121 211
925 281
407 581
947 689
553 143
381 617
579 747
299 697
545 197
575 355
607 195
135 599
557 51
279 223
633 879
45 13
813 257
673 653
771 149
133 163
65 59
631 899
571 933
589 103
95 461
571 637
531 495
641 347
437 937
439 669
525 953
799 909
831 743
373 495
649 657
745 211
765 521
999 209
281 277
719 655
559 991
403 197
727 355
73 51
563 337
707 107
481 219
775 969
65 5
461 221
61 717
429 453
123 511
421 953
189 341
695 779
533 283
853 399
639 533
23 435
567 179
429 395
795 847
403 431
15 55
885 367
859 937
363 321
139 53
187 269
1 703
865 623
85 853
961 933
785 583
967 933
361 487
357 527
473 791
885 19
193 523
741 807
193 293
813 55
917 325
505 217
101 583
93 5
369 531
305 921
141 743
113 107
899 787
557 223
443 55
367 715
307 931
265 319
579 863
203 497
299 13
601 569
599 599
893 899
599 955
89 107
693 83
543 59
421 665
481 711
581 789
259 3
989 289
831 237
573 309
613 301
49 993
839 869
181 731
649 455
491 641
885 813
891 385
587 33
921 323
565 485
999 447
315 815
275 685
587 981
503 101
125 51
185 179
601 153
217 179
235 903
655 575
715 727
991 495
415 761
127 149
783 167
563 107
833 787
53 543
527 631
271 567
785 57
807 931
817 525
935 781
763 71
449 493
985 455
657 877
373 367
985 749
981 233
735 687
275 675
293 985
743 191
379 879
565 941
135 385
597 179
417 279
553 779
283 665
319 347
27 201
605 747
257 721
373 567
83 237
107 301
525 513
625 109
827 783
989 137
113 261
293 813
609 539
727 323
229 939
217 599
489 917
839 367
737 879
359 373
387 827
533 385
113 171
453 329
889 677
751 221
505 843
345 385
679 261
335 891
259 325
267 687
517 45
769 167
159 281
9 579
167 167
115 759
989 513
515 923
529 493
71 281
307 931
787 577
693 459
679 415
65 957
995 93
969 495
829 179
131 345
875 171
927 875
53 811
807 391
829 593
581 765
739 675
61 863
997 319
239 687
9 937
213 411
897 847
427 427
689 769
623 623
503 319
243 485
817 265
899 721
231 501
97 149
405 933
601 197
367 333
799 153
461 487
879 317
801 791
31 743
525 337
93 127
867 375
427 957
913 153
445 445
757 99
121 997
183 973
257 619
403 503
339 667
335 883
501 567
791 81
763 535
457 569
91 923
493 593
189 449
255 61
833 993
647 339
561 705
633 81
717 415
929 13
165 759
577 149
909 301
273 955
247 955
337 865
951 221
501 127
439 999
311 315
885 923
393 393
409 79
219 33
749 619
155 273
915 775
411 855
187 579
951 521
939 795
279 11
197 681
367 769
785 483
973 423
331 365
363 53
697 507
761 921
719 523
379 701
715 521
377 149
933 539
207 799
771 423
759 11
643 289
569 347
653 827
221 15
643 243
181 727
553 613
333 783
117 663
791 257
251 621
223 167
517 261
717 35
573 7
19 827
861 119
139 505
679 615
265 113
527 347
507 847
263 685
145 969
45 685
669 645
251 735
365 59
125 849
127 783
821 531
181 275
433 191
983 81
769 787
611 893
767 653
939 11
205 355
897 567
257 979
139 287
523 827
741 393
189 611
653 687
769 933
719 629
521 149
211 955
51 921
791 523
953 567
757 317
167 323
269 81
271 225
547 191
205 697
83 853
807 701
127 167
307 979
423 593
809 863
215 973
361 767
449 81
835 415
303 355
645 879
293 877
225 583
505 783
295 191
435 945
77 599
545 987
223 783
49 225
975 599
745 787
999 715
495 15
83 373
617 101
257 323
83 849
179 317
527 743
909 597
737 715
145 315
245 543
207 899
699 999
649 169
331 377
87 479
123 543
189 637
497 849
87 95
629 855
117 461
621 705
447 387
955 783
729 407
101 715
911 21
135 629
671 355
593 127
897 167
679 843
19 93
591 271
957 247
177 653
503 449
207 515
571 845
439 377
759 787
667 301
399 55
429 463
445 187
873 57
293 15
955 609
495 233
137 619
903 921
779 993
965 423
7 35
231 565
463 185
865 787
39 177
965 107
453 271
971 527
857 691
921 921
53 575
767 865
155 221
603 123
295 319
279 11
557 969
713 615
269 899
905 137
917 113
689 171
963 855
761 13
773 167
225 971
181 597
649 893
685 833
253 355
147 847
29 735
143 273
819 135
459 771
229 641
599 715
215 679
205 849
249 889
365 507
71 197
729 323
885 99
263 801
909 575
597 51
347 827
305 293
677 333
597 899
339 67
591 821
47 257
113 171
465 523
201 869
463 5
953 497
683 597
549 181
155 115
291 993
439 199
983 675
703 867
559 99
231 507
771 543
827 149
851 909
595 623
69 857
157 359
235 579
553 881
1 881
901 541
195 253
589 139
861 207
1 769
475 543
687 155
825 927
601 701
213 415
529 945
205 447
767 527
661 355
869 743
739 479
95 651
513 859
971 637
591 77
711 279
497 629
39 415
195 263
619 721
963 167
321 367
179 317
451 711
661 645
741 315
63 569
801 275
233 539
535 867
617 353
465 765
799 347
505 11
999 315
157 73
337 795
369 339
203 517
357 217
953 953
965 945
103 865
359 523
483 593
849 681
489 5
39 89
379 803
35 665
33 531
303 635
73 167
975 401
219 559
659 909
925 575
883 73
93 13
461 897
873 545
899 167
713 967
817 67
933 11
195 13
197 93
597 257
1 437
943 759
413 337
339 625
881 47
989 547
255 539
335 521
451 865
765 317
487 149
717 689
899 127
727 179
449 385
3 523
13 51
789 877
849 965
919 149
31 391
801 485
569 759
643 323
267 107
979 149
759 51
631 221
15 899
149 149
965 957
501 913
449 965
645 237
973 965
767 997
861 337
11 13
859 521
559 65
657 527
383 943
245 49
653 3
503 511
717 645
707 323
549 941
515 593
415 931
853 821
973 307
907 253
455 179
493 253
909 51
893 933
415 479
183 355
475 323
725 513
403 841
187 93
263 265
763 313
783 521
383 711
697 99
303 203
447 951
529 89
803 859
957 743
529 191
889 91
347 323
549 279
349 933
229 967
37 549
587 33
841 337
453 331
249 387
373 387
749 67
723 257
949 593
233 759
745 827
919 149
371 323
633 877
943 147
285 585
431 909
47 991
195 931
87 89
829 885
633 583
739 743
295 333
645 359
615 137
631 487
47 903
473 691
367 759
835 463
879 15
171 979
147 593
763 359
937 743
757 875
727 727
75 45
721 577
357 619
919 127
771 735
893 919
829 869
293 609
945 347
473 369
995 405
615 73
837 635
781 505
855 289
933 73
11 51
327 619
289 521
483 219
221 619
53 253
521 167
461 171
727 721
407 565
105 489
15 11
151 355
363 851
871 423
395 831
875 939
545 621
585 163
589 511
325 265
571 813
737 215
809 995
813 319
877 15
69 731
355 521
77 667
683 885
771 15
7 833
259 55
85 245
949 355
267 543
699 569
687 721
815 593
515 727
5 317
277 167
843 179
711 825
539 167
107 921
99 855
695 575
841 149
199 957
795 783
315 645
545 789
179 167
937 899
689 197
27 931
885 485
63 73
393 287
593 577
999 845
679 971
603 997
361 717
805 637
807 715
159 579
763 323
595 783
903 287
863 367
319 323
801 855
469 301
949 73
743 783
227 923
827 783
437 233
703 377
477 15
597 979
317 317
957 623
981 981
63 217
159 19
505 749
827 179
257 721
115 89
341 509
779 569
205 625
859 171
725 51
609 51
959 315
211 257
651 947
751 511
135 597
319 301
779 185
33 169
75 299
179 167
697 731
499 191
585 207
13 13
703 281
111 23
941 279
927 167
505 19
603 161
359 855
293 317
547 391
131 373
833 949
527 787
709 15
231 623
251 199
277 623
117 313
925 569
79 499
683 635
833 355
777 995
917 623
147 899
443 231
1 953
825 531
691 897
993 81
549 825
501 319
805 749
487 619
33 323
373 635
999 513
253 13
827 127
677 933
591 673
955 137
269 211
875 691
879 667
115 185
151 933
441 655
943 13
205 769
915 181
753 257
485 277
473 855
831 843
431 805
951 317
165 181
113 799
131 509
999 163
21 461
597 221
143 47
907 893
947 113
349 945
755 245
271 45
561 751
567 355
125 709
643 301
407 635
989 535
577 149
205 937
995 115
677 759
837 485
997 327
847 577
477 761
999 689
247 521
715 939
541 7
589 283
361 823
889 521
229 827
21 99
665 783
895 499
817 685
897 743
725 999
95 197
1 551
417 879
451 487
947 273
407 521
707 61
395 205
259 125
967 813
463 581
757 877
417 413
421 993
853 883
409 73
189 401
133 467
533 863
571 885
339 939
135 891
673 827
523 223
175 77
275 609
693 475
601 925
833 667
985 147
923 523
141 631
797 919
409 113
205 721
887 875
503 865
379 347
285 467
375 279
147 721
63 585
767 525
665 933
313 135
815 799
471 201
761 609
341 103
955 899
691 827
605 135
917 907
903 965
529 327
959 423
89 179
705 289
775 399
835 135
627 877
997 993
741 909
19 485
229 75
387 15
865 319
511 387
217 665
955 185
75 325
419 337
749 635
691 233
409 275
981 765
919 221
855 899
867 15
891 913
311 565
567 167
201 505
13 127
227 239
473 59
91 465
507 275
825 795
455 727
251 525
567 167
593 73
309 391
329 309
779 487
115 301
221 783
437 329
793 791
715 167
579 815
843 387
599 107
315 843
227 561
667 11
315 485
451 169
231 987
369 413
507 685
551 649
425 989
271 877
431 621
583 847
803 323
73 575
239 827
383 827
77 951
993 979
173 511
831 801
499 795
723 27
587 325
555 633
283 803
519 883
733 75
95 923
669 919
489 913
923 783
391 179
923 301
603 51
35 163
831 721
759 619
751 593
253 515
231 539
337 965
475 129
571 447
835 841
267 571
757 583
417 899
805 109
893 367
213 447
243 999
45 943
317 323
635 913
913 515
203 171
89 955
843 107
237 863
919 575
897 13
755 103
473 31
781 45
921 317
337 929
769 575
949 899
423 385
617 625
195 289
403 5
97 347
691 521
735 789
613 521
707 679
633 163
251 389
843 77
833 567
805 791
321 141
981 13
605 413
691 317
491 429
839 715
543 141
817 397
317 317
799 677
111 583
803 277
975 869
17 681
731 347
691 583
643 979
99 337
5 783
415 979
503 955
769 221
653 973
513 277
619 55
193 387
483 831
967 677
547 897
439 675
919 55
455 13
279 317
713 21
879 893
547 133
349 261
677 575
325 167
983 967
517 289
151 699
435 943
675 635
939 279
507 3
811 347
475 571
29 499
599 847
315 233
807 19
747 163
133 787
437 107
955 317
15 787
423 5
453 873
591 275
507 163
399 665
511 811
163 521
815 281
951 191
663 199
567 149
137 721
715 909
387 171
785 629
667 923
947 855
551 41
25 515
561 47
311 599
209 885
55 223
563 629
95 713
773 761
235 479
615 791
849 795
721 323
463 657
329 387
447 569
565 539
115 73
967 3
77 207
193 327
195 843
83 427
193 421
505 843
693 87
597 743
101 257
19 355
727 191
113 593
889 199
517 793
813 949
753 845
45 803
239 979
467 919
727 51
637 633
23 615
973 467
595 665
453 983
395 611
823 201
503 667
687 467
411 23
909 899
73 979
73 567
111 355
269 715
263 99
891 799
969 261
155 685
495 833
155 277
973 955
203 153
225 891
595 319
689 981
863 399
215 199
579 599
763 329
965 759
613 795
441 697
617 757
303 585
925 333
759 167
683 203
515 487
367 233
225 337
415 301
983 597
605 577
435 799
477 997
867 627
453 907
781 97
143 807
39 199
97 897
775 883
727 847
11 13
407 263
851 975
115 73
957 149
297 597
229 591
411 419
881 351
373 743
255 329
577 323
483 675
765 385
609 623
479 937
425 185
231 623
909 577
541 577
439 217
39 683
931 569
59 221
409 619
973 979
317 317
679 789
597 787
661 355
313 657
209 757
419 133
57 615
75 807
317 323
41 41
989 223
603 123
447 993
57 11
315 365
403 469
709 619
443 563
211 575
205 147
703 355
395 467
367 391
423 665
237 325
813 909
405 769
123 551
977 107
959 133
307 927
825 883
349 775
877 899
627 923
263 575
483 859
253 301
1 883
915 811
215 11
289 301
269 827
265 665
765 593
467 223
863 795
887 609
981 307
63 41
385 597
529 173
793 493
631 721
665 81
383 967
735 583
285 979
875 597
615 463
85 627
95 435
17 857
65 869
299 805
449 163
49 915
17 625
125 463
347 743
749 115
953 759
975 627
33 405
517 107
137 769
613 945
683 677
209 581
629 539
465 787
191 521
265 799
73 167
483 49
265 597
715 721
345 113
993 769
861 699
879 261
769 583
229 613
739 339
585 899
221 223
987 913
521 521
645 147
277 897
817 337
349 309
817 947
303 359
819 547
619 827
101 597
127 783
411 201
725 927
547 813
7 905
47 927
915 41
795 593
89 847
345 329
587 155
95 861
679 325
303 771
5 163
211 727
625 629
79 197
709 951
95 691
411 519
167 317
893 667
833 5
739 93
333 257
697 859
943 965
475 787
763 683
333 257
419 281
683 595
837 153
297 727
159 391
383 987
565 783
597 933
701 795
215 501
173 981
45 325
163 609
599 149
267 577
693 67
135 927
993 317
775 675
711 657
575 827
765 913
701 855
49 153
909 759
259 991
191 521
709 167
523 11
539 583
423 221
939 665
533 37
403 561
301 51
91 129
879 597
763 921
567 149
823 597
867 323
35 373
747 775
703 479
125 567
155 665
295 307
961 325
99 149
393 921
301 317
631 317
317 317
941 965
719 697
135 15
273 979
171 795
887 35
311 327
439 183
413 51
605 879
213 953
629 855
597 979
203 163
817 115
521 167
625 99
547 153
133 405
121 233
307 921
847 577
729 15
89 279
857 783
633 323
125 765
977 817
671 599
27 519
585 71
257 13
533 89
481 675
173 419
989 913
849 389
497 273
879 391
171 55
11 721
229 875
511 811
883 567
19 929
755 787
277 385
421 849
249 443
371 777
643 61
715 897
937 597
83 321
31 651
69 431
763 845
859 515
217 347
41 531
535 147
497 55
745 497
251 965
817 239
493 21
471 129
425 121
441 669
647 993
815 67
327 455
35 899
93 743
397 15
959 323
71 73
653 897
407 355
379 665
441 51
293 73
609 721
747 353
331 733
899 127
503 323
721 567
821 697
457 923
567 317
19 11
719 893
701 731
499 697
215 571
299 35
103 769
721 179
25 467
727 149
473 725
71 15
601 237
87 311
623 623
147 355
317 323
329 515
927 875
739 807
467 965
855 185
239 633
479 991
729 699
179 317
143 401
985 735
3 107
239 789
959 673
217 523
361 831
209 77
275 575
103 743
743 577
101 523
881 621
965 667
31 713
379 155
645 765
569 355
871 869
623 619
379 29
525 745
643 713
551 367
363 391
897 317
405 179
141 849
183 201
251 755
567 149
227 681
225 599
533 375
413 963
473 783
159 535
627 761
167 323
637 599
79 865
209 177
769 355
55 13
617 197
927 937
897 847
127 783
959 77
45 967
677 919
917 937
545 77
13 721
75 239
329 169
45 59
171 167
927 595
953 355
505 239
521 521
125 619
193 307
647 501
581 511
565 353
241 953
127 727
341 627
701 13
411 907
655 387
15 827
835 527
855 289
891 731
677 949
169 493
455 761
87 197
479 109
429 663
991 927
969 521
953 943
767 725
33 239
989 743
27 247
105 651
155 575
659 85
121 47
607 593
963 211
661 227
631 827
897 783
507 879
791 257
101 399
111 155
965 847
945 609
231 195
849 289
799 153
739 299
335 461
173 885
669 233
729 305
705 893
835 641
515 515
869 715
837 679
263 505
157 621
305 485
131 523
853 253
639 563
931 89
813 15
413 637
537 705
813 721
331 727
927 405
855 743
483 605
347 567
861 3
511 897
587 41
899 355
585 761
301 593
33 939
637 347
577 317
59 619
129 917
543 921
819 239
475 261
655 789
331 177
431 937
997 775
203 577
957 399
673 629
861 595
205 199
951 149
193 797
853 679
845 685
771 191
995 55
259 513
159 33
181 593
229 931
425 745
27 463
41 247
581 149
975 627
33 185
385 899
715 721
235 969
425 773
501 5
663 427
821 399
73 51
621 501
355 521
379 449
197 367
923 333
463 153
389 933
319 827
881 137
763 347
75 813
469 391
739 367
963 743
673 373
425 837
217 405
461 955
285 143
999 263
577 317
553 683
417 631
765 623
605 265
161 885
149 149
257 355
665 619
383 69
591 51
439 73
805 769
771 919
47 347
427 515
309 233
17 339
209 107
69 833
363 733
733 833
385 609
203 19
741 505
573 993
927 163
955 179
703 359
531 811
739 377
849 253
61 253
795 317
779 569
703 627
377 565
231 669
23 115
567 921
889 499
881 95
781 797
633 769
269 923
523 191
755 517
229 133
453 159
883 803
807 821
585 905
53 385
779 185
709 207
673 697
857 595
773 841
207 631
309 81
905 599
867 583
549 937
561 135
295 323
117 201
899 167
171 15
143 503
733 979
857 423
169 565
37 849
311 803
841 55
387 399
245 999
719 291
297 963
9 559
223 727
637 979
51 921
547 875
271 821
461 787
667 769
671 795
127 317
137 897
385 539
933 897
989 721
629 13
645 795
117 193
291 949
93 163
841 827
607 125
533 283
263 223
783 921
505 347
445 625
339 635
339 89
335 55
793 295
827 317
607 181
199 697
93 289
147 355
119 779
553 945
539 51
593 933
515 833
989 771
537 673
161 965
709 709
487 127
621 875
517 727
573 373
869 207
823 827
29 141
151 875
559 905
73 167
189 651
189 983
227 289
231 59
427 21
433 773
685 179
117 695
315 921
577 149
859 909
513 715
521 149
133 575
941 257
971 147
445 663
861 521
181 273
247 317
285 95
25 567
349 163
167 167
31 983
823 185
909 81
105 729
977 463
1 25
473 365
765 897
585 281
799 55
435 663
485 955
467 223
187 981
425 983
79 191
803 927
35 893
575 575
623 257
925 945
495 979
987 925
317 323
131 415
953 919
727 921
523 523
739 31
217 623
687 185
827 521
475 753
799 385
595 171
777 191
13 191
301 51
851 61
549 505
959 883
103 141
459 193
193 795
75 815
231 569
613 883
893 893
847 921
911 979
815 355
703 931
873 969
589 889
727 577
129 569
469 823
25 907
263 223
231 923
729 349
645 731
387 583
793 141
253 957
269 957
353 909
535 807
165 741
407 599
699 21
547 967
891 715
901 421
905 211
947 563
801 593
707 495
441 567
111 293
601 223
793 147
769 179
981 253
623 897
177 497
307 855
619 575
421 787
295 599
813 367
737 543
631 949
69 547
723 799
777 879
555 307
635 461
349 563
449 863
145 233
29 161
179 521
383 115
739 183
283 615
823 795
167 317
165 339
943 945
875 167
253 405
25 261
241 59
125 681
735 137
625 939
857 191
667 847
551 543
829 815
885 859
519 77
379 629
595 593
631 919
241 717
773 937
973 929
223 567
699 77
455 847
937 51
953 813
197 461
113 5
855 221
687 597
823 665
987 855
593 317
427 353
549 387
459 539
841 539
745 899
431 167
413 847
413 137
557 383
299 149
953 715
821 757
935 153
141 933
543 77
573 265
705 373
399 319
135 891
149 317
891 467
271 981
215 953
933 619
85 105
503 69
871 635
753 19
609 567
345 655
613 219
461 769
265 939
595 81
439 173
569 783
511 11
437 757
429 747
715 691
255 571
107 609
341 71
745 875
187 749
441 845
539 827
727 317
911 697
161 397
425 45
649 635
333 787
361 379
163 73
271 199
153 15
293 691
909 569
971 405
937 787
371 13
971 909
273 631
593 899
837 7
319 51
55 979
307 827
745 89
403 727
337 13
297 295
401 309
345 745
5 933
271 517
597 721
741 735
831 407
41 581
249 391
191 167
111 459
577 167
389 93
523 179
763 775
229 231
521 317
167 167
229 75
915 821
435 651
853 29
3 89
527 811
567 149
313 609
347 11
921 149
557 195
409 493
365 813
623 221
729 557
775 789
401 571
901 157
469 509
933 323
229 667
461 523
615 847
659 571
977 99
769 783
759 11
865 487
957 385
463 337
997 993
37 17
455 597
167 317
343 319
393 391
155 5
643 861
281 185
925 135
473 321
401 569
693 301
687 523
125 837
525 463
989 405
105 385
697 687
847 323
475 757
377 609
557 883
175 291
655 325
379 937
303 509
819 545
217 567
463 5
791 633
137 743
543 327
279 51
511 765
199 571
95 689
201 479
353 953
483 531
707 645
821 731
267 281
655 679
571 599
395 53
227 291
263 883
765 391
995 685
799 795
649 653
679 927
939 233
457 731
641 327
427 269
953 153
475 635
431 801
829 21
371 467
913 5
253 855
949 575
639 577
735 327
597 795
383 11
873 477
357 137
471 633
655 177
19 929
115 721
333 317
683 915
977 731
705 59
805 485
71 513
345 937
641 813
871 355
797 841
3 721
527 495
979 727
339 479
401 335
931 221
699 431
113 485
773 191
881 885
473 963
93 247
481 467
951 691
251 37
19 955
95 973
477 447
577 317
133 813
123 197
895 517
913 399
689 971
709 523
459 569
409 875
625 941
215 687
19 521
217 833
755 403
971 943
383 629
969 171
73 727
967 539
675 827
805 715
687 487
97 317
107 539
259 307
533 923
841 801
283 3
845 217
657 127
987 595
687 323
383 979
177 929
233 933
923 149
885 497
259 559
629 223
445 153
475 247
245 839
967 957
561 821
583 323
469 631
909 979
591 47
241 929
639 787
625 685
619 721
931 595
997 77
697 721
25 641
117 419
541 869
779 933
219 569
755 461
559 749
273 583
879 787
183 731
325 619
455 137
661 505
853 293
493 581
287 913
987 237
927 933
945 799
951 277
997 787
373 3
695 101
757 681
437 419
911 281
595 257
169 423
119 597
567 921
471 71
417 665
245 45
161 253
911 667
241 681
215 543
589 605
605 273
461 783
251 765
901 985
253 877
791 521
311 971
889 889
283 833
21 827
841 875
467 681
859 677
525 681
899 317
813 931
45 775
473 15
607 809
675 897
33 731
989 967
641 863
695 45
39 951
405 609
115 257
573 583
361 727
801 939
215 937
729 641
269 897
67 77
793 651
415 597
125 167
563 577
805 721
199 137
123 827
313 759
797 169
127 721
253 677
387 163
411 785
141 327
497 665
719 267
603 349
597 521
207 833
665 523
313 489
41 799
251 351
121 13
211 779
721 179
907 757
381 605
381 133
869 511
849 279
253 333
765 13
199 951
815 77
221 167
649 629
587 493
349 21
77 81
47 973
605 113
565 953
363 419
521 521
547 355
179 317
909 11
243 795
183 147
345 579
825 19
101 389
833 949
425 557
5 223
721 179
867 137
861 455
507 721
879 913
957 569
517 751
779 721
537 753
667 795
955 81
697 257
739 397
603 511
183 51
613 745
509 743
167 167
977 151
823 953
935 775
985 905
181 463
365 609
213 469
13 323
431 135
149 317
623 933
185 921
391 609
829 5
243 929
941 257
833 55
519 565
33 275
407 787
223 783
171 147
935 149
465 355
693 989
733 993
59 163
737 413
807 293
889 321
139 915
803 539
757 539
319 55
23 919
363 7
913 923
735 775
633 877
809 509
887 219
581 115
971 55
609 979
839 437
165 733
975 247
111 767
257 847
61 967
109 865
943 385
725 207
471 803
73 721
915 571
125 941
651 365
903 625
847 783
899 323
85 755
31 689
249 853
689 969
75 287
833 933
117 443
449 929
513 141
691 955
353 147
725 77
695 539
719 299
967 273
293 137
107 179
881 357
975 329
975 123
973 261
511 373
903 749
759 979
849 569
521 521
649 455
429 263
823 883
259 183
729 859
807 949
513 355
353 281
37 99
115 787
351 135
199 495
367 487
141 991
841 137
979 167
59 929
309 21
387 221
405 665
193 125
475 903
615 185
279 301
911 757
605 807
147 769
399 665
789 743
881 341
569 223
173 813
293 801
313 93
775 843
883 423
745 455
295 539
351 519
101 493
283 47
815 633
169 265
975 685
723 591
243 317
321 347
679 423
957 153
765 955
307 913
67 891
223 743
397 559
891 623
107 487
979 167
193 777
755 377
421 227
663 51
957 185
973 913
515 279
715 487
125 631
685 567
429 231
235 631
61 199
221 355
633 269
955 487
75 933
773 927
749 467
129 223
801 223
943 687
769 567
277 163
783 783
607 731
739 723
129 319
573 199
731 385
745 495
51 167
587 735
369 599
745 625
703 81
199 827
557 47
327 577
693 673
717 877
647 635
391 301
801 923
619 167
477 113
567 567
405 593
493 993
295 461
97 651
303 321
367 171
133 945
343 735
997 575
689 799
875 827
419 281
799 233
433 11
587 209
797 135
125 167
867 461
231 185
327 207
185 619
613 225
783 149
203 115
591 149
967 521
277 759
577 521
75 715
515 385
185 539
349 261
39 39
925 399
437 221
531 389
695 307
175 35
925 787
739 251
779 769
469 865
721 921
1 337
973 993
461 185
601 385
749 155
37 495
783 149
57 701
399 137
25 667
871 879
369 199
805 893
189 213
199 791
983 49
155 521
561 791
497 923
943 485
185 539
449 413
167 317
921 921
771 635
891 147
741 61
223 897
659 567
819 979
545 253
943 89
995 73
775 623
983 367
205 779
13 521
919 191
313 13
983 135
667 221
423 769
415 51
469 191
467 487
577 167
137 55
453 273
553 485
1 99
931 743
161 137
833 347
425 233
437 905
147 847
963 253
97 847
581 109
803 783
725 295
291 149
511 865
259 811
373 783
993 979
603 205
91 45
505 265
469 483
983 177
597 783
917 167
251 803
759 15
343 391
937 191
31 321
987 253
911 485
639 397
367 323
391 149
189 393
313 103
909 301
43 967
71 669
599 323
259 235
823 899
565 969
283 627
229 617
553 243
417 797
511 391
563 461
261 761
367 583
495 691
231 627
595 261
253 523
157 133
785 451
67 779
279 51
477 597
395 119
943 153
665 593
155 619
383 33
13 567
107 11
151 489
85 271
125 287
943 307
231 479
107 73
499 337
381 983
861 681
85 395
3 279
849 665
315 327
329 823
459 769
77 515
505 373
43 185
859 599
147 899
771 595
623 577
543 919
215 519
653 685
85 739
33 715
965 949
231 153
649 865
431 399
489 689
317 317
195 843
805 953
821 803
577 921
739 333
505 347
183 777
649 135
137 769
303 157
767 715
801 497
9 107
667 759
717 101
979 355
41 415
221 149
117 761
251 767
127 847
773 795
489 3
985 35
173 593
145 431
405 233
881 229
311 257
721 921
907 155
341 399
807 783
455 957
963 11
981 485
681 301
751 765
33 527
887 289
709 225
267 631
237 277
229 89
37 71
659 923
285 945
161 209
435 609
773 191
377 519
757 765
263 247
527 597
481 339
93 461
347 897
981 923
793 615
967 945
405 583
151 225
325 841
313 821
763 313
299 621
207 609
203 769
917 757
651 163
383 221
531 759
531 599
47 597
749 575
771 945
295 307
903 295
211 191
391 137
941 355
487 899
733 7
151 555
351 339
655 633
65 875
799 11
815 67
67 191
947 913
213 281
139 159
745 727
947 761
41 47
33 875
187 805
527 583
595 949
961 807
513 597
647 461
477 419
973 149
745 677
545 549
57 635
241 933
369 655
759 727
675 257
771 995
665 631
933 15
263 615
97 929
925 115
287 273
439 479
573 715
263 181
325 705
749 387
571 635
261 727
755 569
647 561
111 745
865 527
229 385
117 397
441 337
171 487
617 443
579 995
699 697
467 685
389 939
241 349
243 847
437 623
877 919
569 355
109 657
245 805
719 359
487 567
465 731
405 319
421 413
99 855
457 119
359 327
925 921
543 221
877 955
331 577
695 997
639 177
961 209
831 965
699 217
259 567
575 191
553 931
365 167
39 301
699 993
373 779
217 185
803 197
413 141
103 321
487 487
363 681
827 149
395 293
721 317
417 437
485 153
433 475
437 737
515 153
511 929
403 129
155 875
665 487
883 487
87 785
101 903
329 761
295 743
981 149
769 847
539 783
91 183
21 113
493 333
57 807
807 77
875 919
799 51
599 993
987 365
7 369
697 179
49 127
157 577
943 233
803 813
953 207
571 181
943 385
289 487
91 653
505 913
471 655
577 577
753 467
35 633
887 549
421 799
847 521
847 577
299 413
857 913
125 333
777 759
753 67
563 653
73 13
109 783
123 365
903 945
777 863
195 101
837 715
139 421
629 923
369 505
333 13
93 933
231 41
613 789
955 257
817 805
193 231
943 515
799 11
279 81
847 577
61 713
513 137
167 323
439 811
521 149
419 931
53 715
413 515
513 761
923 933
89 609
587 289
173 775
613 17
655 771
113 687
389 221
73 583
85 415
921 323
577 921
965 667
669 651
129 279
949 787
517 635
309 293
99 515
239 147
271 121
943 795
409 139
509 499
763 549
825 665
273 769
759 51
57 803
91 379
263 115
93 877
441 77
285 261
963 347
609 787
819 703
285 777
355 191
905 581
767 17
263 791
573 559
573 695
663 431
579 929
759 769
239 137
767 393
125 953
277 877
649 569
143 449
793 731
657 891
511 253
45 903
483 921
205 263
695 905
327 795
393 633
309 967
873 247
381 475
619 167
671 699
71 799
483 633
451 981
825 813
683 439
335 777
929 743
631 899
833 827
777 941
851 541
113 127
465 933
971 367
199 789
965 597
735 951
17 353
291 463
799 167
743 127
889 287
153 759
989 221
211 223
447 277
847 847
283 31
45 171
823 55
267 997
199 787
355 577
181 965
203 267
951 521
923 521
279 521
23 913
17 905
889 439
573 447
933 13
569 955
113 367
523 795
995 627
721 721
665 149
841 811
827 167
669 779
971 13
403 863
985 945
451 957
35 539
581 239
645 981
477 499
119 997
567 577
207 273
65 207
865 5
669 807
819 133
829 321
861 215
383 265
729 319
427 917
319 333
1 889
799 577
37 463
187 277
789 787
891 323
891 257
647 307
275 467
461 185
837 563
571 893
933 933
733 73
151 819
805 527
963 569
413 893
847 521
713 921
797 207
279 609
811 149
221 521
347 979
193 313
385 487
935 701
975 663
499 657
167 167
53 857
911 641
119 581
897 897
149 317
427 757
515 51
867 969
105 733
387 803
97 563
677 521
825 595
353 991
925 447
167 323
191 167
827 979
351 135
199 521
845 321
261 523
107 191
451 59
925 279
475 353
895 753
775 55
249 661
203 347
353 495
667 933
167 317
93 153
837 67
337 893
249 439
493 919
231 511
683 299
85 235
303 813
267 267
685 761
103 743
431 875
557 757
669 323
411 153
845 275
295 833
285 351
15 521
325 353
111 493
177 523
289 333
655 549
967 89
757 11
537 349
717 583
471 431
969 957
281 467
753 665
423 921
849 155
561 665
253 667
701 635
9 531
345 463
525 239
27 261
593 577
419 633
1 565
211 301
587 13
605 233
283 717
779 319
387 207
619 979
831 829
319 323
99 289
717 669
159 853
93 929
687 233
667 949
739 267
125 127
99 635
713 133
777 507
429 579
233 787
535 467
241 851
975 657
255 661
593 13
237 949
273 167
193 807
551 521
699 97
461 461
733 579
751 801
555 909
65 281
693 999
927 269
87 239
23 743
761 221
945 945
783 921
59 747
709 99
497 897
561 703
933 567
755 637
373 373
515 939
221 847
41 295
213 443
939 919
371 355
479 281
633 467
93 253
309 265
3 153
859 247
619 73
635 929
333 769
77 847
87 677
677 597
277 897
843 155
491 961
771 21
53 857
395 87
761 233
625 137
187 633
19 539
605 899
579 623
493 191
509 615
729 335
61 651
589 291
611 585
569 783
493 921
125 247
435 567
451 947
715 301
401 891
843 979
577 577
923 171
249 527
53 957
153 391
385 257
659 803
885 957
583 191
659 965
221 223
47 855
845 629
655 949
441 525
593 127
917 927
493 113
745 811
621 65
795 521
297 119
921 317
35 333
525 875
479 787
111 107
947 677
199 743
525 55
737 19
895 969
767 747
669 515
615 677
977 305
717 777
689 355
677 179
95 203
429 39
431 495
915 149
687 877
903 637
481 597
329 523
419 21
703 565
107 897
653 931
961 551
533 725
223 73
199 359
929 993
247 715
591 679
251 889
403 701
853 435
119 879
283 439
391 783
295 11
329 419
211 51
349 499
229 499
473 879
331 723
95 829
387 13
269 929
813 631
563 513
375 747
367 185
591 657
63 287
589 99
495 515
173 173
273 721
347 979
913 929
135 523
745 141
207 531
97 783
663 135
735 531
451 939
233 619
579 813
899 127
823 287
459 719
165 607
505 135
755 961
683 651
249 153
711 447
81 355
111 493
285 387
245 807
179 149
589 23
757 137
151 115
361 17
371 773
365 569
801 77
927 467
161 947
929 929
649 289
945 137
663 927
913 13
667 979
187 197
995 3
347 13
585 721
917 865
315 995
623 787
783 167
521 317
617 215
543 899
733 779
21 685
529 447
847 577
609 317
695 13
91 617
913 795
479 171
219 999
47 51
581 55
561 115
107 597
781 7
939 923
213 961
723 465
951 677
515 147
857 957
13 575
509 37
187 135
769 323
611 985
947 885
173 169
25 347
465 825
715 185
489 339
777 735
497 619
273 523
951 875
423 665
293 109
293 353
535 747
491 507
95 149
809 743
665 279
735 127
709 315
593 191
425 993
469 365
85 345
509 407
507 879
553 769
807 221
775 993
643 931
687 539
483 523
653 327
597 597
321 389
203 427
687 179
23 621
865 389
307 965
795 979
979 179
639 151
3 3
345 463
173 493
69 495
225 811
519 367
973 791
421 507
989 59
629 945
285 17
167 317
985 997
893 635
669 265
247 875
395 949
113 965
107 319
261 391
905 521
273 667
191 149
131 579
311 777
367 567
257 257
645 247
259 475
841 949
207 783
225 619
571 133
553 695
635 153
785 293
409 203
127 783
201 181
503 609
57 315
843 15
767 471
35 93
265 347
517 575
479 523
419 467
927 769
731 951
749 791
639 697
231 103
689 515
961 951
479 801
105 635
491 455
571 375
985 593
537 695
71 681
685 179
61 815
863 149
261 333
675 485
665 127
721 167
609 769
811 115
983 619
189 733
405 667
427 277
571 759
279 185
825 799
661 753
785 783
379 907
547 609
649 897
353 937
125 295
21 367
279 597
503 333
901 423
207 347
137 167
681 185
845 623
13 727
449 295
173 171
119 939
375 497
165 675
227 657
311 931
199 507
809 781
463 927
7 595
461 949
799 247
833 919
679 815
931 799
655 855
183 987
833 949
139 45
91 353
561 651
51 577
687 811
981 667
389 319
33 955
407 521
1 107
799 279
519 155
955 523
295 951
855 597
583 783
191 577
175 855
143 217
699 803
63 777
103 855
197 955
213 407
667 179
161 309
313 691
889 127
427 11
633 681
735 993
335 747
981 955
61 41
137 127
47 225
999 747
729 785
533 125
579 563
401 955
343 447
55 355
389 115
269 261
153 575
581 257
917 637
499 885
967 239
745 225
47 765
37 487
387 127
675 813
465 519
907 141
499 885
253 247
893 317
285 773
619 127
639 127
65 967
811 939
517 3
297 41
103 735
377 751
437 611
13 521
187 525
189 587
745 499
611 177
409 223
51 317
903 521
663 155
75 979
941 855
333 827
793 367
215 505
169 55
129 907
793 195
909 759
935 631
831 925
827 179
255 709
817 645
613 305
859 583
239 951
101 569
485 317
721 577
137 623
1 57
789 609
29 171
859 367
531 115
483 703
793 365
605 153
661 179
425 769
853 95
793 333
513 789
321 657
421 583
675 691
821 197
583 323
263 833
705 931
483 387
309 67
965 593
355 921
917 905
433 291
845 461
399 487
631 619
123 905
603 33
255 889
383 771
219 273
185 11
213 849
591 497
751 907
543 513
681 73
385 783
29 247
767 161
941 667
599 301
837 735
233 897
303 979
623 73
965 257
401 685
163 55
623 721
41 929
3 55
369 947
237 567
733 355
375 657
303 223
845 485
145 561
739 177
771 51
525 71
593 15
95 487
977 657
235 863
943 759
185 577
85 273
289 721
531 979
275 275
731 355
41 495
681 347
937 993
445 743
435 65
791 347
727 317
179 167
523 583
59 833
671 689
831 177
633 521
437 705
937 137
95 941
577 921
319 257
3 73
53 805
753 913
791 919
169 921
371 171
771 21
215 353
651 775
625 137
665 631
975 525
345 865
701 497
207 855
865 955
513 937
523 51
607 699
895 999
155 385
873 349
539 921
545 729
283 95
489 197
713 641
545 133
973 877
509 579
229 397
757 275
911 645
255 573
471 311
553 761
457 841
755 617
721 51
253 211
897 727
199 909
679 775
617 171
189 693
401 921
833 223
123 327
613 581
129 619
555 69
715 727
683 947
427 261
321 179
387 913
703 493
327 631
885 153
781 371
947 211
133 623
135 171
821 275
459 67
629 939
617 841
533 519
347 743
467 261
657 55
289 583
551 905
927 667
911 513
619 567
879 939
921 521
557 371
689 787
515 279
73 979
507 93
973 333
319 609
119 315
915 827
965 631
491 281
299 81
993 783
63 99
245 297
213 275
841 141
109 461
739 897
417 757
765 5
25 835
805 859
163 577
787 323
253 899
551 467
779 247
93 385
589 209
641 373
305 845
829 689
125 637
615 951
637 347
951 929
505 225
25 423
817 841
999 113
839 989
705 277
875 727
639 481
591 705
363 33
927 577
737 35
149 167
975 655
263 455
473 865
105 113
527 939
229 103
841 51
905 487
799 55
849 943
543 997
901 685
415 387
73 167
339 77
49 599
655 899
771 745
345 645
403 379
799 875
489 5
771 523
325 921
409 539
81 521
895 305
163 223
33 985
787 897
985 955
425 307
549 35
585 747
175 367
663 841
529 353
555 967
309 519
389 3
975 891
615 423
671 121
861 191
989 885
935 355
381 715
937 487
851 821
289 55
101 93
835 5
533 957
661 631
785 343
891 5
379 983
999 771
769 257
105 855
291 955
791 569
885 787
687 677
653 163
603 239
143 443
489 373
245 947
121 757
453 437
853 339
149 167
477 893
535 279
37 113
671 863
979 167
75 737
173 807
297 793
983 989
873 803
863 485
231 15
703 949
327 515
457 955
507 81
541 377
641 941
717 387
517 113
393 651
549 931
253 179
793 495
649 327
5 759
407 153
409 195
97 913
365 765
563 697
309 107
227 275
35 523
193 993
363 597
763 945
431 765
337 677
823 997
789 163
617 937
801 759
645 21
151 727
725 115
451 109
129 405
475 499
875 623
293 581
389 609
483 539
153 993
409 105
515 955
277 923
199 539
11 979
181 637
909 391
461 221
61 47
611 605
263 171
285 861
489 907
51 323
197 389
5 221
965 715
949 567
195 711
823 769
327 593
343 969
775 991
747 109
231 953
597 191
869 971
485 137
933 539
377 389
345 637
37 721
907 539
275 691
467 965
231 633
171 787
465 883
767 163
677 137
239 3
973 257
443 371
853 215
175 807
351 925
85 999
845 35
603 237
409 829
409 71
311 549
251 245
923 567
917 769
33 321
679 849
11 13
821 21
301 897
425 917
661 775
721 179
257 577
101 885
815 147
949 11
471 757
87 511
99 107
935 219
217 715
617 903
581 323
855 727
765 523
195 925
835 77
117 465
699 877
989 567
225 225
143 497
603 431
919 55
875 221
931 619
161 47
817 77
703 307
355 355
263 319
149 317
475 133
101 497
373 635
795 149
817 211
115 833
465 519
83 273
369 917
457 59
525 93
665 127
193 225
565 279
755 749
155 795
51 783
627 137
321 317
625 463
827 743
207 93
433 201
523 539
855 15
39 565
859 385
837 499
33 59
235 125
553 183
997 743
685 597
237 65
427 827
867 933
373 167
319 539
609 137
857 641
75 507
767 955
193 931
701 627
785 627
263 67
397 247
357 843
559 799
811 619
151 721
257 619
147 51
467 833
609 347
183 509
917 333
607 955
989 867
883 855
417 493
747 35
925 163
461 115
859 523
539 317
11 827
643 389
445 775
507 179
763 885
451 985
727 721
455 923
765 257
157 203
295 569
695 863
397 505
905 993
517 997
927 783
887 153
871 71
845 207
631 631
929 147
451 109
761 221
155 13
101 399
291 649
285 137
199 621
637 577
855 667
275 155
851 709
665 301
141 337
895 941
205 813
185 979
757 167
869 845
255 653
833 257
711 825
869 527
203 899
795 81
539 721
449 789
23 521
533 685
137 577
553 649
243 987
281 731
527 939
833 223
861 489
271 897
727 921
991 811
545 603
33 991
965 993
231 293
617 59
7 599
781 593
345 709
977 263
549 885
985 689
235 99
559 515
587 123
109 675
783 323
873 521
609 521
407 407
237 909
257 539
79 179
569 727
815 653
349 997
17 779
17 899
637 675
739 605
413 261
931 575
733 991
105 247
661 945
949 221
845 295
467 51
841 727
395 645
761 301
251 685
379 547
871 613
579 941
201 59
841 13
523 487
705 583
341 541
661 855
405 691
989 679
847 179
797 337
37 981
699 969
299 385
27 771
615 149
393 319
635 55
197 233
181 759
987 73
369 265
403 729
463 577
835 129
71 855
767 487
453 77
135 367
99 721
881 595
297 845
135 665
937 521
69 133
787 979
851 777
187 103
851 97
819 959
489 365
119 927
771 925
95 733
643 263
855 827
845 275
767 49
425 519
427 751
289 171
329 423
733 385
849 923
433 521
273 847
859 11
829 623
717 549
789 405
289 827
379 121
903 787
683 709
275 163
565 681
425 359
801 913
681 847
227 21
103 921
71 953
555 489
893 609
141 979
441 289
987 501
193 943
753 633
457 611
265 637
81 347
173 869
897 521
559 963
79 299
143 33
613 177
591 307
331 33
601 215
997 963
127 191
129 583
465 543
741 195
877 619
977 429
219 575
65 507
647 371
793 73
743 51
491 593
507 811
93 495
505 447
159 293
591 985
499 21
901 635
715 521
335 77
127 567
373 681
151 643
527 927
31 547
513 467
393 521
191 577
937 929
621 923
535 565
103 945
483 957
145 605
981 919
57 995
343 783
887 437
861 291
381 799
713 963
609 631
229 505
243 475
903 749
593 55
209 841
679 513
687 909
469 431
141 635
437 497
811 233
161 649
357 677
849 955
313 275
513 595
371 317
113 77
643 519
131 101
793 599
689 115
455 137
345 287
249 981
317 323
969 687
451 863
5 597
237 637
119 869
599 583
715 899
987 815
677 847
883 923
819 203
409 567
319 979
669 261
337 277
467 289
5 743
583 13
847 317
243 685
909 73
459 507
401 905
719 221
567 323
545 829
47 19
981 677
69 765
19 937
249 461
817 461
649 277
771 789
239 893
125 689
203 273
705 515
627 55
459 279
637 73
167 323
581 937
413 515
363 183
625 77
177 149
231 751
669 865
725 89
175 3
53 667
725 931
19 937
463 391
975 509
983 275
103 337
167 167
17 691
583 583
821 597
31 435
109 945
769 919
441 631
779 391
147 787
933 51
767 865
519 971
739 607
911 887
961 881
151 183
23 19
951 779
813 385
935 983
759 827
493 991
907 275
331 929
3 495
715 137
681 787
277 13
443 115
419 177
101 333
633 107
377 765
305 995
315 987
697 405
219 787
755 123
875 933
241 399
43 999
513 55
499 917
481 453
617 695
911 103
643 237
697 149
791 279
843 385
121 905
913 171
91 345
955 171
583 11
297 37
463 523
809 453
325 833
977 35
813 389
663 115
9 987
953 391
929 667
647 529
311 907
875 623
577 921
485 779
527 921
797 133
315 423
739 877
193 287
257 317
381 287
709 813
525 885
903 185
797 461
147 787
329 35
561 773
287 389
899 355
569 221
219 389
7 967
889 623
499 163
821 675
461 89
199 367
481 385
931 399
459 573
481 491
283 297
901 487
869 135
593 15
699 773
977 919
453 19
945 993
929 323
439 529
817 825
1 631
427 753
3 279
19 939
789 153
527 207
527 759
887 781
391 539
265 493
325 295
331 643
489 55
713 967
77 875
433 463
229 953
199 909
617 197
737 927
853 913
267 479
831 667
889 585
915 45
683 371
721 355
823 855
761 81
77 253
3 909
869 845
489 149
361 965
753 77
873 383
401 859
571 323
519 689
103 689
491 317
219 301
537 649
377 933
827 167
799 179
893 595
281 939
665 167
87 579
279 955
9 155
551 781
911 911
723 399
699 731
669 239
845 185
947 447
739 235
39 403
665 127
963 233
149 317
851 699
511 631
693 555
91 457
599 13
813 179
881 109
33 163
299 223
465 955
403 347
795 897
677 523
501 301
783 179
537 205
841 423
231 463
195 701
697 289
883 277
317 317
397 847
653 761
295 951
683 439
465 597
757 927
215 813
825 141
137 11
645 821
123 487
571 753
479 971
287 273
717 991
125 33
587 289
537 405
281 461
533 851
171 979
873 807
545 583
939 993
759 347
875 391
35 301
191 577
707 207
277 921
221 323
455 811
723 623
641 801
185 623
305 761
129 275
547 55
757 5
401 891
383 147
907 893
743 921
401 845
191 167
547 697
199 765
501 865
581 569
577 317
709 885
343 929
485 273
467 515
463 951
953 257
235 845
971 221
231 45
989 783
921 149
567 51
783 783
459 817
947 493
313 393
211 289
753 73
39 997
593 55
597 487
107 179
371 599
389 629
275 799
461 347
159 29
385 919
21 487
707 321
547 939
755 689
981 953
929 769
279 319
541 299
863 127
101 675
189 647
951 769
895 107
191 323
549 917
475 803
847 317
455 783
879 631
841 191
393 179
601 771
101 373
159 857
17 675
937 913
717 727
711 287
259 923
833 539
751 641
859 859
31 67
973 89
101 257
435 497
729 25
949 257
307 927
407 527
627 389
955 577
843 963
985 539
195 281
229 419
251 203
619 827
445 793
209 825
867 855
799 569
151 433
99 965
575 167
489 167
945 149
697 799
925 141
639 681
503 161
827 721
23 199
13 783
619 575
467 667
757 495
365 549
533 419
387 147
7 995
695 921
351 877
97 169
719 155
37 865
523 487
29 805
119 943
909 391
551 863
325 137
849 657
203 21
643 513
393 465
861 625
299 333
301 521
833 333
111 813
693 519
151 565
215 197
345 463
359 109
39 851
381 921
939 15
973 247
719 465
609 301
705 967
719 767
801 289
75 415
365 681
85 305
549 387
849 583
911 687
731 979
437 301
839 917
823 51
837 505
841 675
963 765
223 827
949 149
463 115
627 347
275 289
321 171
273 163
715 301
909 769
595 577
325 577
117 983
481 867
693 287
685 115
881 621
913 55
43 661
465 523
407 55
975 843
9 817
965 631
325 927
869 405
925 511
493 863
195 519
217 909
297 559
81 317
7 761
327 163
83 555
765 221
411 791
775 687
175 891
869 207
183 611
467 795
35 387
961 873
643 839
881 335
917 995
681 677
461 323
809 987
63 921
663 885
659 173
909 665
65 569
805 943
97 515
295 799
621 497
899 847
987 899
873 829
229 237
107 163
5 163
39 985
549 423
599 247
201 385
601 925
957 539
461 951
41 731
303 487
991 77
671 223
731 677
21 687
829 771
185 257
47 257
263 757
539 575
915 743
407 825
277 743
833 593
397 7
879 485
835 399
467 899
115 185
503 959
943 891
279 631
21 597
439 921
611 119
561 821
299 45
703 939
931 721
139 485
925 937
557 973
741 699
373 167
861 405
583 921
113 233
257 167
823 465
255 463
689 337
579 169
415 721
937 761
411 263
63 593
217 933
923 355
151 499
519 455
257 167
149 317
827 51
151 877
685 583
271 485
575 567
733 563
425 631
459 685
17 177
979 323
935 703
359 993
993 721
713 305
977 951
21 875
305 295
939 665
993 597
627 405
385 137
789 979
39 803
821 775
329 525
849 51
481 745
319 179
1 483
697 279
391 323
469 665
591 505
195 479
457 583
735 447
131 235
741 143
25 215
967 749
787 11
383 53
501 485
413 127
485 5
537 247
87 399
983 269
193 75
891 727
763 439
65 847
869 233
145 411
179 577
133 389
515 171
905 275
609 55
593 167
961 197
165 771
281 507
775 685
517 65
469 783
189 225
599 715
349 215
169 181
115 185
129 51
565 185
265 467
799 127
929 899
159 477
15 539
657 919
57 743
505 979
683 825
351 295
353 759
395 913
83 507
767 115
543 957
473 637
593 721
471 609
451 103
525 797
533 441
295 385
253 875
163 149
643 59
181 89
381 885
943 167
945 319
131 769
473 807
579 747
195 649
377 163
353 783
17 597
231 927
699 579
237 265
615 921
177 771
835 669
117 685
545 423
629 13
363 335
127 167
997 623
869 275
51 167
769 179
955 137
9 983
139 139
777 367
305 837
921 323
945 153
483 73
147 521
395 671
57 649
813 223
203 555
723 233
437 505
681 721
777 89
905 633
467 317
651 811
129 923
45 849
239 721
591 275
451 783
753 287
217 927
131 553
829 571
67 923
823 721
345 295
381 327
777 211
139 785
507 275
591 23
405 923
599 153
67 619
783 521
241 283
83 307
313 687
401 277
101 845
533 749
639 685
833 743
259 983
41 835
497 149
489 479
501 45
741 307
13 317
879 307
171 127
535 825
905 73
217 665
849 317
439 899
833 289
605 857
779 73
173 329
455 923
389 487
469 75
739 493
795 743
967 865
809 383
75 857
271 307
477 573
459 841
185 487
395 717
415 929
671 813
649 941
977 563
223 149
721 577
693 391
853 383
463 657
429 921
77 247
303 221
343 885
485 635
209 169
801 727
455 569
537 89
755 129
51 149
505 67
355 521
463 727
235 497
733 483
359 749
779 779
991 77
813 323
705 265
991 629
417 711
925 627
403 923
91 809
43 475
945 993
379 511
427 973
701 563
1 943
251 385
447 455
393 359
571 523
917 677
449 789
579 631
71 47
189 465
15 73
479 631
113 859
51 51
871 139
427 405
609 223
883 883
237 147
507 355
243 489
25 365
71 865
775 163
429 139
773 127
605 859
907 269
445 443
341 807
779 569
1 635
903 963
511 849
993 827
555 121
537 609
981 295
827 721
367 279
697 667
511 567
105 909
161 365
117 437
631 15
759 223
817 979
561 277
625 597
743 567
101 387
339 277
559 55
227 569
861 631
135 847
853 665
951 691
395 197
647 939
493 355
37 489
27 319
129 631
731 827
335 749
77 937
819 23
693 245
63 261
231 855
233 191
327 691
89 81
935 51
343 557
517 487
73 11
387 135
247 919
917 931
89 153
269 279
563 653
389 385
565 747
173 225
327 179
703 51
467 391
111 31
345 25
771 765
473 211
1 955
545 657
583 11
729 669
399 171
271 929
709 487
523 13
347 583
153 769
7 359
679 979
237 581
889 291
791 539
159 345
1 839
399 631
153 15
979 721
861 65
999 905
345 421
113 927
595 171
939 73
745 971
995 597
147 743
695 337
801 949
615 843
309 701
497 899
969 247
473 811
877 185
621 963
41 5
371 41
39 259
221 221
377 365
603 549
837 845
541 939
11 783
649 239
551 479
43 411
697 15
923 167
815 875
397 377
311 163
717 423
619 539
485 909
473 103
445 423
845 279
159 69
681 347
887 965
303 207
39 655
43 299
561 917
781 891
747 765
47 945
53 771
533 149
273 93
523 15
595 15
835 941
475 407
493 843
867 225
85 241
929 51
459 431
719 431
913 939
229 153
993 11
697 731
983 463
373 113
837 325
543 845
663 107
259 265
237 479
437 821
81 743
955 619
543 749
353 993
927 367
195 849
941 497
693 81
379 121
499 979
209 931
519 461
435 405
105 601
589 79
571 569
505 721
961 881
223 11
307 319
393 645
847 783
743 577
327 929
735 995
581 77
27 811
343 955
761 367
837 627
297 875
399 577
729 675
249 151
829 337
19 727
599 333
789 21
459 841
773 925
291 855
193 47
823 629
609 171
125 621
467 899
45 943
689 941
481 139
987 933
275 799
591 195
525 735
791 877
155 55
121 89
587 163
965 743
993 11
355 167
903 221
113 635
693 177
433 685
9 513
603 557
815 971
39 641
847 577
897 721
15 787
413 127
209 279
37 879
77 631
467 115
791 307
885 631
729 81
57 675
905 277
863 727
231 799
443 731
45 13
357 281
841 323
809 891
255 885
579 171
639 545
579 265
373 945
233 795
521 149
993 979
263 803
151 715
853 789
313 549
147 575
629 875
967 89
289 487
159 849
971 575
879 631
993 577
151 973
255 455
985 109
889 269
973 577
347 783
533 807
397 461
769 149
253 163
601 721
945 423
505 505
487 179
93 539
535 905
775 35
245 743
487 191
225 391
85 321
669 279
823 967
435 863
867 925
183 385
985 575
259 685
641 903
233 13
529 915
809 313
229 469
939 623
879 787
741 395
321 627
719 389
985 385
57 323
981 799
407 11
547 487
345 581
173 513
847 323
645 775
367 73
735 211
231 277
651 937
493 567
661 625
61 963
675 575
941 963
811 301
239 15
537 665
991 3
823 113
873 931
675 939
463 879
785 745
431 877
11 521
563 979
79 319
857 749
679 389
499 55
563 93
151 749
95 195
411 483
83 21
577 149
47 685
337 163
387 367
389 171
995 697
813 955
209 633
577 317
485 609
255 41
287 73
935 759
745 179
121 909
177 745
71 335
667 567
85 583
593 191
995 89
691 317
629 583
257 15
659 113
913 185
471 69
37 687
775 269
463 921
99 787
603 247
479 323
883 803
955 11
209 905
441 277
11 11
205 717
929 787
783 191
843 597
581 627
709 337
471 787
271 997
561 921
449 985
457 531
817 981
153 619
321 461
405 399
493 637
95 793
955 575
255 463
71 209
527 855
431 947
483 399
637 929
171 167
415 359
71 731
165 713
697 279
53 875
301 597
319 597
875 575
173 455
837 803
621 179
675 3
471 389
453 987
221 323
591 455
709 663
705 859
749 321
535 569
133 495
393 715
521 521
709 169
587 753
739 191
381 987
65 73
617 411
525 783
43 241
969 927
607 465
57 649
951 685
171 171
113 207
703 171
945 909
417 613
149 149
357 19
631 355
343 209
577 921
345 203
483 483
495 13
695 299
423 191
609 575
271 577
469 463
339 413
21 113
713 321
457 291
17 155
645 505
839 287
419 897
3 691
681 955
117 163
513 337
303 103
177 653
881 767
801 51
631 301
419 355
835 827
709 897
469 841
665 593
197 993
919 577
803 13
855 593
611 507
723 125
5 391
161 461
557 841
987 563
625 597
235 107
271 893
243 291
595 937
239 567
195 185
177 463
807 455
699 595
693 635
271 461
101 841
653 691
889 813
843 511
935 815
227 799
503 849
719 527
853 709
563 191
975 583
687 73
799 897
603 515
801 133
807 745
757 485
93 277
157 135
89 11
729 419
231 309
465 507
143 205
557 921
253 715
403 959
553 369
503 801
669 947
761 955
977 717
133 847
537 33
287 899
285 961
575 51
593 257
39 111
645 815
85 221
211 127
769 51
71 527
765 597
945 769
327 921
907 513
505 133
317 323
869 113
401 365
85 79
773 691
517 775
567 51
487 317
683 721
145 95
669 137
9 725
329 359
205 759
661 377
807 951
55 899
481 921
493 665
471 835
465 883
399 897
541 177
979 847
13 921
321 77
513 163
945 347
65 923
231 455
633 633
13 783
695 921
271 653
575 191
529 505
391 575
697 637
433 413
871 379
895 933
501 149
977 169
539 149
469 837
13 355
645 233
899 323
627 847
785 385
381 809
851 201
185 597
843 865
247 759
671 383
899 323
167 317
335 893
441 859
535 665
101 447
491 31
401 771
479 389
809 645
725 947
281 789
637 779
927 833
833 575
481 935
243 825
195 847
421 827
509 565
289 179
787 149
341 179
41 515
775 677
397 261
183 947
469 679
243 19
609 137
87 29
243 461
451 917
79 655
573 35
893 15
571 637
575 783
181 467
789 891
49 317
17 641
539 847
465 947
629 921
893 521
465 523
7 811
439 689
197 933
461 939
865 897
537 485
367 355
61 341
711 89
201 355
677 127
799 721
817 171
127 317
131 495
639 579
593 743
465 675
965 279
487 355
819 137
183 447
307 769
935 783
377 973
123 501
47 277
959 735
5 185
863 247
51 577
461 423
319 137
453 697
649 149
327 461
479 455
201 149
985 185
799 799
601 281
763 781
15 567
663 669
83 535
733 225
361 849
847 783
671 73
923 147
321 321
787 847
329 271
611 573
51 179
391 783
465 237
91 81
713 35
905 925
147 795
335 995
825 239
725 497
139 851
93 185
887 771
491 807
269 317
269 979
441 973
771 821
647 191
505 945
55 191
207 273
229 627
709 685
687 799
115 779
335 515
567 323
847 179
677 171
157 57
727 317
741 505
613 185
749 423
559 933
105 343
271 137
591 555
235 939
915 207
941 599
817 69
945 623
553 749
173 877
815 327
95 733
85 943
157 795
489 865
537 345
285 237
429 517
897 847
281 185
67 333
433 455
999 805
117 623
499 701
707 19
495 127
791 629
861 627
217 923
833 677
613 157
179 179
455 599
831 527
387 849
649 93
69 525
881 419
657 577
297 247
365 883
717 879
231 835
711 89
77 833
257 827
117 357
533 749
753 769
439 147
123 365
249 341
207 727
859 55
963 939
41 813
581 93
271 909
231 849
355 783
375 627
895 809
505 355
679 845
717 993
983 563
325 135
89 593
291 563
409 919
333 13
545 647
195 965
403 965
463 909
283 723
989 655
285 21
215 843
359 813
885 789
767 939
709 59
147 347
521 167
113 665
179 149
427 77
931 73
673 641
67 211
115 107
325 385
671 937
687 207
453 423
7 531
201 813
873 45
391 919
65 923
125 965
987 475
287 355
265 89
719 773
371 787
773 543
757 373
833 163
973 179
827 51
311 323
575 51
539 167
63 569
141 257
679 885
821 859
805 389
833 569
539 51
385 575
191 167
655 501
695 253
483 651
669 113
313 305
803 965
271 311
919 55
581 599
841 583
93 257
189 877
987 869
455 939
217 261
613 307
469 759
825 109
399 933
849 993
901 361
519 367
855 721
651 207
17 581
413 135
757 953
167 167
849 811
625 257
469 307
419 295
385 923
911 395
589 441
899 167
727 783
681 487
737 171
643 723
559 993
67 577
23 921
247 55
739 925
245 357
17 257
743 567
449 963
255 129
599 569
143 29
907 207
445 725
427 185
955 577
299 497
53 521
565 261
831 681
579 107
167 317
557 257
509 441
105 179
707 461
109 727
107 979
193 501
545 427
431 413
59 11
127 51
763 915
73 721
829 401
769 179
691 223
461 261
101 239
785 41
677 13
521 167
405 13
727 149
23 783
275 897
893 257
401 55
759 583
227 495
581 995
67 463
679 577
781 823
315 583
85 389
855 899
839 935
241 389
687 623
793 993
615 141
545 833
505 129
469 507
747 497
117 81
563 883
957 333
563 843
5 11
65 261
429 563
793 973
735 355
119 253
529 397
99 743
45 11
469 931
297 959
499 99
443 339
693 885
733 55
243 511
787 355
115 921
793 449
667 301
593 355
951 333
485 913
545 81
679 863
793 135
249 751
719 143
549 933
313 777
651 365
61 859
325 735
727 167
941 223
377 19
83 759
487 567
949 167
419 939
313 579
617 287
501 327
573 691
931 743
107 569
479 261
295 665
555 773
615 827
275 295
805 89
869 633
673 323
287 15
83 845
863 521
443 279
161 595
407 337
703 401
699 393
813 577
697 685
839 177
777 273
1 423
41 221
845 879
907 115
453 735
185 171
689 627
87 89
31 203
511 955
787 921
725 995
243 949
673 181
885 497
637 765
381 597
479 957
469 49
275 779
439 423
659 97
135 323
543 387
357 951
939 575
961 927
355 921
975 455
739 201
317 317
115 939
585 629
527 137
151 935
721 567
883 295
197 523
349 261
863 115
867 907
331 989
287 3
135 691
495 847
361 897
605 511
301 949
281 691
51 51
611 761
823 493
769 847
163 55
627 877
255 721
475 803
125 321
829 147
101 855
381 373
551 355
681 783
47 625
975 29
991 461
369 355
753 909
249 403
859 609
221 149
263 497
185 827
189 929
221 55
487 769
833 233
361 355
771 375
301 847
263 909
665 191
147 167
45 883
493 149
909 385
37 13
355 149
731 289
745 521
271 153
159 807
777 747
477 399
363 323
313 101
127 567
75 991
793 475
485 577
579 913
853 987
957 185
945 233
875 333
795 317
223 827
981 55
667 847
451 543
405 521
351 121
593 127
443 681
905 273
659 941
275 631
837 749
385 623
619 727
821 109
965 923
129 967
381 259
781 995
287 761
71 223
43 677
499 355
779 333
689 941
529 913
659 67
113 347
279 897
685 795
29 305
607 465
473 259
679 109
939 923
403 789
281 155
39 949
131 141
243 757
935 849
875 759
967 147
943 727
575 827
439 271
3 107
73 167
739 371
779 575
351 191
103 789
687 3
425 277
559 985
495 257
953 939
841 247
851 133
845 631
81 593
147 623
337 171
381 981
879 909
51 577
459 435
703 803
25 781
395 493
855 691
171 949
897 847
847 149
9 387
171 539
667 619
835 375
471 835
259 825
353 115
663 485
431 907
935 13
159 567
103 113
7 899
783 179
975 513
677 289
703 177
947 263
47 631
887 749
569 163
927 539
403 493
657 207
485 153
243 535
805 665
791 597
741 357
621 947
275 783
397 307
117 421
273 957
595 727
87 595
807 753
625 355
387 275
677 631
467 677
591 253
17 921
367 623
939 933
253 779
791 803
913 919
339 137
201 277
989 475
957 833
403 77
513 761
895 405
507 685
3 253
775 965
549 567
235 879
573 769
49 905
729 313
689 897
89 137
681 619
455 945
485 185
971 289
17 209
787 827
161 5
589 595
925 257
433 31
535 913
911 691
805 563
485 77
383 181
55 191
455 487
851 109
879 681
567 191
659 745
845 133
527 929
455 289
481 943
715 769
831 265
729 143
631 949
665 583
663 731
313 513
381 969
783 577
595 933
933 167
541 369
327 515
783 179
729 765
857 133
897 979
171 783
543 59
863 635
613 3
665 13
25 413
775 223
485 135
689 447
309 153
701 595
951 929
319 827
997 969
519 261
25 53
837 621
755 943
269 487
307 779
421 733
305 913
777 51
975 411
955 567
593 191
581 279
827 323
617 485
997 531
213 633
617 119
393 925
321 991
461 575
491 273
917 993
729 67
431 969
301 727
813 197
81 13
911 281
261 727
327 635
683 559
131 651
425 157
535 645
853 21
465 399
583 721
311 367
79 687
253 569
653 827
685 301
511 715
585 599
235 777
951 523
133 221
277 769
551 277
47 735
359 171
149 323
625 957
181 515
881 357
233 795
633 355
663 917
549 487
923 323
719 529
417 787
41 307
661 393
493 891
379 337
529 355
111 551
213 157
21 875
557 421
99 233
835 701
489 913
245 863
251 817
521 167
877 487
911 819
77 149
749 971
679 247
525 711
725 579
865 317
677 721
959 123
67 597
473 235
889 457
411 147
163 847
223 583
25 65
711 201
355 191
561 789
561 641
467 799
655 275
473 647
407 715
71 447
921 323
839 369
81 783
217 455
915 319
293 99
43 561
227 623
945 367
413 485
353 11
671 73
957 179
439 169
771 261
755 269
497 461
763 599
819 35
419 277
293 665
979 743
551 999
267 973
219 949
717 185
947 749
949 769
859 347
551 619
967 849
169 511
133 133
319 137
423 795
51 521
59 107
677 899
129 615
319 257
869 969
397 795
477 287
81 323
123 511
473 915
915 55
815 885
697 619
565 953
367 391
425 141
187 769
1 689
555 807
699 153
933 727
765 179
473 15
75 399
337 665
897 575
743 167
515 289
247 13
311 997
747 515
37 493
455 855
435 789
351 115
885 631
885 527
109 113
115 149
899 567
37 771
693 591
527 765
933 577
413 373
381 453
811 759
709 281
717 863
91 829
841 51
441 877
51 149
849 979
405 761
631 355
217 583
193 671
497 633
813 657
413 879
735 521
185 185
169 293
377 727
515 593
95 775
189 705
961 97
525 137
213 279
463 951
853 985
169 325
107 81
747 855
665 347
875 233
551 167
995 171
863 11
905 731
909 163
779 185
267 485
371 951
635 221
621 689
611 525
55 521
535 943
505 789
481 199
561 181
45 743
383 955
121 581
215 691
755 267
883 269
523 539
545 407
149 317
505 55
629 233
289 137
159 529
575 191
995 567
977 315
953 217
651 749
373 113
133 921
501 969
255 595
615 619
345 399
877 721
349 447
207 107
933 619
573 65
587 557
507 629
643 355
675 137
107 787
525 527
595 583
889 197
621 15
163 787
899 847
309 115
103 65
503 823
843 321
991 943
395 155
179 521
261 385
523 787
1 841
201 387
615 287
467 929
119 687
441 941
805 319
329 669
713 195
883 467
49 777
807 293
547 463
105 691
635 253
803 207
797 511
289 147
59 59
705 253
63 383
735 877
771 969
559 225
507 423
415 99
409 295
321 849
843 99
617 59
95 921
749 467
387 295
425 211
441 231
665 333
219 685
749 257
817 761
495 913
701 405
151 845
753 511
699 135
689 689
507 99
747 99
201 827
543 847
813 769
447 307
697 223
57 791
39 725
553 909
679 667
819 119
845 827
763 725
127 921
94 884
578 510
452 42
598 794
612 304
648 714
452 116
328 150
940 690
294 294
886 472
994 306
80 842
346 936
432 722
362 632
502 212
432 122
598 598
940 218
686 194
42 296
448 784
788 78
472 706
116 870
792 548
502 986
12 704
734 550
94 300
330 828
344 254
736 736
730 326
76 898
862 964
198 920
44 430
322 136
894 46
920 702
920 544
836 684
606 892
420 668
850 612
802 694
12 280
704 224
506 946
412 288
614 304
4 334
148 206
90 158
488 592
22 518
72 614
308 96
700 566
408 716
330 330
128 622
260 376
850 290
736 744
876 816
26 604
30 998
648 538
38 416
472 16
596 40
610 402
648 308
116 680
